mainSeed: 1836295979
0 [0.116389]  {0.1} -39817.9 -0.523851 17297.1 -0.0905788 5.95214 0.842431 -8643.92 
1048576 [0.116366]  {0.1} -39812.5 -0.523851 17297.1 -0.0905788 5.95214 0.842354 -8643.83 
2097152 [0.116366]  {0.1} -39812.5 -0.523851 17297.1 -0.0905788 5.95214 0.842354 -8643.83 
3145728 [0.116364]  {0.1} -39813.3 -0.523851 17297.1 -0.0905788 5.95214 0.842311 -8643.31 
4194304 [0.11636]  {0.1} -39822.3 -0.52382 17297.1 -0.0905788 5.95214 0.842311 -8642.72 
5242880 [0.11636]  {0.1} -39825.2 -0.52382 17297.1 -0.0905788 5.95214 0.842311 -8642.72 
6291456 [0.11636]  {0.1} -39825.2 -0.523829 17297.1 -0.0905788 5.95214 0.842311 -8642.72 
7340032 [0.116359]  {0.1} -39829.5 -0.523829 17297.1 -0.0905788 5.95214 0.842311 -8642.55 
8388608 [0.116359]  {0.1} -39829.5 -0.523829 17297.1 -0.0905788 5.95214 0.842311 -8642.52 
9437184 [0.116247]  {0.0953161} -41893.9 -0.526607 17297.1 -0.0979857 5.95158 0.842334 -8144.87 
10485760 [0.115997]  {0.0908517} -48100.5 -0.561727 17078.5 -0.09801 5.96543 0.84228 -8144.94 
11534336 [0.115991]  {0.0865964} -48074.9 -0.561811 17078.1 -0.0980199 5.96959 0.842223 -8146.38 
12582912 [0.115988]  {0.0825404} -48068.2 -0.56182 17078.1 -0.0980758 5.97203 0.842189 -8143.82 
13631488 [0.115984]  {0.0786743} -48066.8 -0.561846 17077.7 -0.0980804 5.97718 0.842103 -8143.87 
14680064 [0.115931]  {0.0749894} -48723.3 -0.575347 16580.9 -0.0950579 5.9769 0.842016 -8144.2 
15728640 [0.115894]  {0.071477} -49909.7 -0.575192 16580.5 -0.100519 5.98023 0.84197 -7802.26 
16777216 [0.115888]  {0.0681292} -50086.3 -0.576003 16579.9 -0.100554 5.98244 0.841939 -7802.19 
17825792 [0.115784]  {0.0649381} -52468.1 -0.596516 15902.8 -0.100563 5.98002 0.841863 -7547.34 
18874368 [0.115614]  {0.0618965} -58815.3 -0.619765 15778.3 -0.106179 5.99409 0.841788 -7229.69 
19922944 [0.115602]  {0.0589974} -58973 -0.620467 15774.2 -0.106186 6.0029 0.841646 -7229.83 
20971520 [0.115586]  {0.0562341} -59337 -0.621911 15768 -0.106301 6.01255 0.841488 -7224.93 
22020096 [0.11556]  {0.0536002} -60285.4 -0.625337 15756.9 -0.10667 6.023 0.841331 -7207.6 
23068672 [0.115554]  {0.0510896} -60354.3 -0.625687 15756.8 -0.106694 6.02715 0.841251 -7207.89 
24117248 [0.115495]  {0.0486967} -61748.9 -0.629905 15555.3 -0.112131 6.03315 0.841101 -6842.11 
25165824 [0.115459]  {0.0464158} -63014.8 -0.63341 15555 -0.113878 6.04586 0.840919 -6760.81 
26214400 [0.115418]  {0.0442418} -63849.7 -0.635703 15584.9 -0.115058 6.0732 0.840519 -6723.27 
27262976 [0.115376]  {0.0421696} -66220.8 -0.643042 15584.2 -0.116082 6.08682 0.840325 -6685.65 
28311552 [0.115363]  {0.0401945} -66106.2 -0.643068 15582.8 -0.116091 6.09748 0.840174 -6688.36 
29360128 [0.115234]  {0.0383118} -70446.6 -0.654044 15585.6 -0.123948 6.15451 0.839294 -6338.66 
30408704 [0.115174]  {0.0365174} -71399.4 -0.656317 15583.9 -0.126264 6.19423 0.83869 -6238.57 
31457280 [0.115152]  {0.034807} -72427.6 -0.659512 15569.4 -0.126568 6.20469 0.838525 -6225.51 
32505856 [0.11509]  {0.0331767} -74066.5 -0.670508 15146.7 -0.127266 6.22251 0.838115 -6057.96 
33554432 [0.115024]  {0.0316227} -78233.6 -0.683123 15090.2 -0.129119 6.23801 0.837943 -5982.35 
34603008 [0.114983]  {0.0301416} -80504 -0.688613 15079 -0.13203 6.25237 0.837725 -5863.12 
35651584 [0.114787]  {0.0287298} -91332.6 -0.710522 15103.9 -0.160591 6.27956 0.83702 -4803.76 
36700160 [0.114752]  {0.0273842} -96156.5 -0.721572 15085.9 -0.163854 6.28411 0.836936 -4703.53 
37748736 [0.11473]  {0.0261015} -98590.4 -0.727022 15084.2 -0.168654 6.28564 0.836854 -4552.2 
38797312 [0.11466]  {0.024879} -102549 -0.734113 15273.1 -0.170842 6.39322 0.835287 -4559.56 
39845888 [0.114648]  {0.0237137} -103067 -0.732264 15482.4 -0.173518 6.40077 0.835186 -4525.99 
40894464 [0.11462]  {0.022603} -103849 -0.724607 16199.8 -0.181952 6.41352 0.835049 -4427.52 
41943040 [0.114615]  {0.0215443} -103828 -0.724638 16201.9 -0.182473 6.42062 0.834926 -4412.11 
42991616 [0.114599]  {0.0205352} -105896 -0.728464 16274.4 -0.185702 6.43347 0.834709 -4336.93 
44040192 [0.114596]  {0.0195734} -105874 -0.728288 16296.3 -0.185789 6.43893 0.834639 -4340.68 
45088768 [0.114592]  {0.0186566} -105884 -0.728283 16301.1 -0.185791 6.44674 0.834514 -4342.47 
46137344 [0.114588]  {0.0177828} -105858 -0.728281 16343.1 -0.187763 6.45301 0.834414 -4294.35 
47185920 [0.114578]  {0.0169498} -106756 -0.72872 16453 -0.189058 6.46185 0.83428 -4281.04 
48234496 [0.114573]  {0.0161559} -107158 -0.728766 16516.8 -0.189537 6.46857 0.834189 -4281.97 
49283072 [0.114569]  {0.0153992} -108709 -0.732217 16490.9 -0.189541 6.47621 0.83408 -4282.33 
50331648 [0.114552]  {0.014678} -110385 -0.732991 16762.4 -0.194811 6.49219 0.833819 -4188.48 
51380224 [0.114536]  {0.0139905} -111353 -0.730713 17136.3 -0.197527 6.5138 0.833552 -4189.01 
52428800 [0.114525]  {0.0133352} -111255 -0.730663 17145.7 -0.197679 6.53986 0.833157 -4189.67 
53477376 [0.114521]  {0.0127106} -111264 -0.73066 17156.1 -0.197684 6.54944 0.833018 -4193.18 
54525952 [0.114513]  {0.0121152} -111362 -0.728259 17385.7 -0.198946 6.55846 0.832928 -4202.51 
55574528 [0.114484]  {0.0115478} -113201 -0.729952 17622.6 -0.201311 6.6253 0.831977 -4194.47 
56623104 [0.114474]  {0.0110069} -113020 -0.727919 17788 -0.2023 6.64436 0.831715 -4198.56 
57671680 [0.114464]  {0.0104914} -113731 -0.727915 17939.6 -0.203677 6.66691 0.831403 -4192.12 
58720256 [0.114456]  {0.00999997} -114550 -0.727905 18092.9 -0.204587 6.68219 0.831212 -4198.64 
59768832 [0.114451]  {0.00953159} -114243 -0.72751 18093 -0.2046 6.69956 0.830956 -4199.92 
60817408 [0.114442]  {0.00908515} -114211 -0.725107 18304.8 -0.205317 6.71255 0.830804 -4219.03 
61865984 [0.114431]  {0.00865962} -114840 -0.724647 18481.8 -0.206485 6.73812 0.83046 -4222.35 
62914560 [0.114421]  {0.00825402} -114671 -0.723197 18607.5 -0.206816 6.76655 0.830078 -4239.26 
63963136 [0.114416]  {0.00786742} -114892 -0.722966 18677.6 -0.207213 6.78091 0.829885 -4242.6 
65011712 [0.114408]  {0.00749892} -114876 -0.720206 18957.9 -0.209237 6.78937 0.829778 -4233.04 
66060288 [0.114397]  {0.00714769} -114988 -0.718563 19173 -0.210682 6.81618 0.829422 -4232.36 
67108864 [0.114386]  {0.0068129} -115512 -0.717286 19387.7 -0.211072 6.84408 0.829071 -4262.81 
68157440 [0.11437]  {0.0064938} -115655 -0.715 19688.1 -0.212717 6.88926 0.828468 -4272.45 
69206016 [0.114365]  {0.00618964} -116090 -0.714927 19786.4 -0.213134 6.90386 0.828285 -4280.3 
70254592 [0.114354]  {0.00589973} -115943 -0.713139 19937 -0.212839 6.94095 0.827809 -4319.28 
71303168 [0.114331]  {0.0056234} -115816 -0.710048 20259.4 -0.213192 7.0196 0.826792 -4374.1 
72351744 [0.114325]  {0.00536001} -116571 -0.709638 20431 -0.213338 7.03318 0.826649 -4402.83 
73400320 [0.114315]  {0.00510895} -116287 -0.707898 20567.6 -0.213295 7.07418 0.826117 -4431.68 
74448896 [0.114307]  {0.00486966} -116340 -0.70661 20712 -0.21325 7.09981 0.825807 -4461.4 
75497472 [0.1143]  {0.00464157} -116151 -0.704453 20929.3 -0.21435 7.12405 0.825501 -4466.09 
76546048 [0.114296]  {0.00442417} -115949 -0.703189 21013.3 -0.214232 7.13888 0.825317 -4484.42 
77594624 [0.114293]  {0.00421695} -116160 -0.702835 21077.7 -0.213857 7.1486 0.825216 -4509.19 
78643200 [0.11428]  {0.00401944} -117169 -0.702666 21335.5 -0.214681 7.20547 0.824507 -4538.4 
79691776 [0.114274]  {0.00383117} -117345 -0.701863 21448.7 -0.214751 7.23171 0.824167 -4557.53 
80740352 [0.114265]  {0.00365173} -117107 -0.700681 21579.9 -0.215145 7.28197 0.823528 -4574.3 
81788928 [0.114258]  {0.00348069} -118041 -0.701249 21674.1 -0.214271 7.30468 0.823289 -4624.88 
82837504 [0.114252]  {0.00331766} -117885 -0.700544 21716.3 -0.213624 7.33437 0.822925 -4656.71 
83886080 [0.114249]  {0.00316227} -118177 -0.699466 21898.3 -0.21433 7.34781 0.822774 -4666.49 
84934656 [0.114243]  {0.00301415} -118627 -0.699918 21953.3 -0.214112 7.3824 0.822349 -4689.84 
85983232 [0.114236]  {0.00287297} -118703 -0.699474 22007.5 -0.213251 7.41817 0.821921 -4732.71 
87031808 [0.114233]  {0.00273841} -118624 -0.698201 22131.1 -0.213393 7.43508 0.821725 -4750.41 
88080384 [0.11423]  {0.00261015} -118682 -0.697598 22213.2 -0.213478 7.44875 0.821568 -4763.56 
89128960 [0.114226]  {0.00248789} -118591 -0.697491 22202.5 -0.212763 7.47213 0.821282 -4788.81 
90177536 [0.114221]  {0.00237136} -118707 -0.696592 22300 -0.211795 7.50196 0.820953 -4842.59 
91226112 [0.114215]  {0.00226029} -118268 -0.695209 22377.8 -0.21162 7.53795 0.820508 -4864.96 
92274688 [0.114209]  {0.00215443} -118445 -0.694545 22465.2 -0.210487 7.57608 0.820078 -4924.84 
93323264 [0.114202]  {0.00205352} -118983 -0.694121 22629.5 -0.21046 7.61893 0.819582 -4961.93 
94371840 [0.1142]  {0.00195733} -118890 -0.693364 22706.6 -0.210635 7.63702 0.819367 -4971.18 
95420416 [0.114196]  {0.00186566} -118689 -0.69258 22737.9 -0.209691 7.66369 0.819064 -5012.62 
96468992 [0.114193]  {0.00177827} -119095 -0.692699 22807.5 -0.209494 7.68797 0.818786 -5036.44 
97517568 [0.114188]  {0.00169498} -118730 -0.69076 22942.6 -0.208975 7.72098 0.818419 -5081.33 
98566144 [0.114185]  {0.00161559} -118837 -0.69052 22994 -0.208649 7.74688 0.81812 -5106.01 
99614720 [0.114181]  {0.00153992} -118971 -0.690125 23064.6 -0.208169 7.77628 0.81779 -5140.46 
100663296 [0.114177]  {0.00146779} -118803 -0.688743 23168 -0.207509 7.80478 0.817477 -5185.1 
101711872 [0.114174]  {0.00139904} -118696 -0.688166 23212.1 -0.20702 7.83441 0.817135 -5214.39 
102760448 [0.11417]  {0.00133352} -117991 -0.685135 23395.7 -0.206677 7.86373 0.81682 -5259.7 
103809024 [0.114167]  {0.00127106} -117967 -0.684884 23406.9 -0.205832 7.88662 0.816567 -5296.24 
104857600 [0.114164]  {0.00121152} -118026 -0.684937 23408.7 -0.204914 7.91616 0.816239 -5335.87 
105906176 [0.114162]  {0.00115478} -117806 -0.683791 23480.2 -0.204248 7.94051 0.815978 -5376.04 
106954752 [0.114159]  {0.00110069} -117793 -0.683252 23522.1 -0.203356 7.9623 0.815753 -5420.68 
108003328 [0.114156]  {0.00104913} -117696 -0.682631 23571.4 -0.202725 7.99414 0.815398 -5457.87 
109051904 [0.114154]  {0.000999995} -117766 -0.682239 23633.9 -0.202324 8.02447 0.815062 -5489.31 
110100480 [0.114152]  {0.000953157} -117728 -0.681698 23677.1 -0.201611 8.04753 0.814818 -5527.98 
111149056 [0.11415]  {0.000908513} -117741 -0.681375 23716.1 -0.201302 8.06474 0.814632 -5549.7 
112197632 [0.114148]  {0.00086596} -117611 -0.680995 23727.5 -0.200539 8.08831 0.814377 -5584.85 
113246208 [0.114147]  {0.0008254} -117622 -0.680805 23742.6 -0.199761 8.11014 0.814145 -5621.58 
114294784 [0.114145]  {0.00078674} -117520 -0.680292 23776.8 -0.199332 8.12798 0.813953 -5647.1 
115343360 [0.114144]  {0.00074989} -117321 -0.679823 23787.3 -0.198752 8.15025 0.813706 -5674.51 
116391936 [0.114142]  {0.000714767} -117194 -0.678998 23850 -0.198212 8.17444 0.813453 -5710.83 
117440512 [0.11414]  {0.000681289} -117171 -0.678592 23892.2 -0.197702 8.19956 0.813184 -5743.05 
118489088 [0.11414]  {0.000649378} -117404 -0.678691 23929.5 -0.197449 8.21391 0.813038 -5763.58 
119537664 [0.114138]  {0.000618963} -117332 -0.678368 23944 -0.196774 8.23314 0.812834 -5796.21 
120586240 [0.114137]  {0.000589972} -117268 -0.678112 23955.2 -0.195755 8.26293 0.812523 -5844.67 
121634816 [0.114136]  {0.000562338} -117246 -0.677904 23975.4 -0.195338 8.28095 0.812332 -5868.42 
122683392 [0.114134]  {0.000535999} -117126 -0.677263 24015.9 -0.194605 8.30412 0.812094 -5909.44 
123731968 [0.114133]  {0.000510894} -117006 -0.676851 24034.6 -0.19408 8.32027 0.811927 -5936.94 
124780544 [0.114132]  {0.000486965} -116972 -0.676574 24057.2 -0.193645 8.33702 0.811751 -5961.83 
125829120 [0.114132]  {0.000464156} -116789 -0.675873 24092.9 -0.193103 8.35489 0.811567 -5993.32 
126877696 [0.114131]  {0.000442416} -116664 -0.675404 24117.8 -0.192615 8.37136 0.811398 -6020.83 
127926272 [0.11413]  {0.000421694} -116657 -0.675251 24131.2 -0.192054 8.38722 0.811236 -6049.93 
128974848 [0.114129]  {0.000401943} -116611 -0.67505 24143.1 -0.191619 8.40161 0.811088 -6072.81 
130023424 [0.114129]  {0.000383117} -116553 -0.674804 24157.6 -0.191236 8.41375 0.810964 -6093.74 
131072000 [0.114128]  {0.000365172} -116490 -0.674646 24161.1 -0.190651 8.43014 0.810796 -6122.04 
132120576 [0.114127]  {0.000348068} -116382 -0.674257 24179.5 -0.189955 8.4504 0.81059 -6158.49 
133169152 [0.114127]  {0.000331765} -116347 -0.674052 24195 -0.189563 8.46343 0.810457 -6180.52 
134217728 [0.114126]  {0.000316226} -116304 -0.673928 24197.8 -0.188835 8.48216 0.810267 -6215.77 
135266304 [0.114126]  {0.000301414} -116255 -0.673871 24193.5 -0.188293 8.49677 0.810116 -6240.83 
136314880 [0.114125]  {0.000287297} -116202 -0.67365 24208.2 -0.18787 8.51113 0.809971 -6264.54 
137363456 [0.114125]  {0.00027384} -116130 -0.673394 24222.2 -0.187311 8.52794 0.809802 -6294.62 
138412032 [0.114125]  {0.000261014} -116130 -0.67336 24226.2 -0.186933 8.53917 0.809688 -6314.03 
139460608 [0.114124]  {0.000248789} -116100 -0.673192 24239.5 -0.186353 8.55735 0.809505 -6345.42 
140509184 [0.114124]  {0.000237136} -116039 -0.673016 24247.5 -0.185979 8.56932 0.809383 -6365.51 
141557760 [0.114123]  {0.000226029} -116016 -0.672888 24257.3 -0.185504 8.58299 0.809247 -6391.06 
142606336 [0.114123]  {0.000215442} -115974 -0.672793 24258.9 -0.185189 8.59089 0.809168 -6406.73 
143654912 [0.114123]  {0.000205351} -115877 -0.672552 24264.3 -0.184922 8.59691 0.809109 -6420.42 
144703488 [0.114123]  {0.000195733} -115838 -0.67249 24264.4 -0.184615 8.60593 0.809017 -6435.67 
145752064 [0.114123]  {0.000186565} -115833 -0.672426 24271.5 -0.184288 8.61658 0.80891 -6453.69 
146800640 [0.114122]  {0.000177827} -115826 -0.672363 24278 -0.183936 8.62761 0.808798 -6472.83 
147849216 [0.114122]  {0.000169498} -115777 -0.672241 24281.3 -0.183623 8.63428 0.808735 -6488.89 
148897792 [0.114122]  {0.000161559} -115732 -0.672143 24282.6 -0.183349 8.64063 0.808672 -6502.51 
149946368 [0.114122]  {0.000153992} -115667 -0.671924 24293.8 -0.183113 8.64815 0.808598 -6516.65 
150994944 [0.114122]  {0.000146779} -115609 -0.671772 24299.2 -0.182857 8.6556 0.808523 -6530.51 
152043520 [0.114122]  {0.000139904} -115586 -0.671605 24313.7 -0.182644 8.66351 0.808446 -6544.52 
153092096 [0.114122]  {0.000133351} -115533 -0.671479 24317.8 -0.182433 8.67035 0.808377 -6556.02 
154140672 [0.114122]  {0.000127105} -115523 -0.671424 24322.4 -0.182258 8.67548 0.808327 -6565.9 
155189248 [0.114122]  {0.000121152} -115510 -0.671429 24320 -0.182077 8.67987 0.808283 -6574.5 
156237824 [0.114122]  {0.000115477} -115507 -0.671374 24326.2 -0.181878 8.68608 0.808222 -6586.07 
157286400 [0.114121]  {0.000110069} -115464 -0.671247 24333.3 -0.181745 8.69288 0.808152 -6594.61 
158334976 [0.114121]  {0.000104913} -115449 -0.6712 24336.2 -0.18152 8.69904 0.808091 -6606.66 
159383552 [0.114121]  {9.99993e-05} -115447 -0.671139 24343.4 -0.181321 8.70548 0.808027 -6618.54 
160432128 [0.114121]  {9.53155e-05} -115405 -0.671003 24350.5 -0.181101 8.71183 0.807966 -6631.24 
161480704 [0.114121]  {9.08511e-05} -115390 -0.670919 24357.2 -0.180921 8.71749 0.80791 -6641.93 
162529280 [0.114121]  {8.65958e-05} -115375 -0.670888 24358.3 -0.18077 8.72173 0.807869 -6649.92 
163577856 [0.114121]  {8.25398e-05} -115356 -0.670827 24362.4 -0.180601 8.72724 0.807814 -6659.56 
164626432 [0.114121]  {7.86738e-05} -115324 -0.670705 24369.8 -0.180447 8.73216 0.807766 -6669.05 
165675008 [0.114121]  {7.49889e-05} -115324 -0.670666 24374.7 -0.180339 8.73617 0.807726 -6675.83 
166723584 [0.114121]  {7.14765e-05} -115306 -0.670559 24383.7 -0.180266 8.74012 0.807687 -6681.73 
167772160 [0.114121]  {6.81287e-05} -115304 -0.670481 24393.4 -0.180157 8.74547 0.807634 -6689.79 
168820736 [0.114121]  {6.49377e-05} -115278 -0.670413 24395.7 -0.180025 8.74876 0.807602 -6697.01 
169869312 [0.114121]  {6.18961e-05} -115255 -0.670357 24398 -0.179897 8.75248 0.807565 -6704.01 
170917888 [0.114121]  {5.8997e-05} -115255 -0.670324 24402.2 -0.179818 8.75548 0.807536 -6709.17 
171966464 [0.114121]  {5.62337e-05} -115239 -0.670268 24406.2 -0.179719 8.75952 0.807496 -6715.33 
173015040 [0.114121]  {5.35998e-05} -115229 -0.670225 24409.2 -0.179626 8.76227 0.807469 -6720.76 
174063616 [0.114121]  {5.10893e-05} -115221 -0.670187 24412.8 -0.179524 8.76603 0.807432 -6726.99 
175112192 [0.114121]  {4.86964e-05} -115217 -0.67016 24415.3 -0.179452 8.76808 0.807412 -6731.28 
176160768 [0.114121]  {4.64155e-05} -115214 -0.670123 24419.4 -0.179391 8.77087 0.807384 -6735.51 
177209344 [0.114121]  {4.42415e-05} -115214 -0.670105 24421.9 -0.179312 8.77351 0.807358 -6740.21 
178257920 [0.114121]  {4.21693e-05} -115189 -0.670016 24426.9 -0.179251 8.77554 0.807339 -6744.39 
179306496 [0.114121]  {4.01942e-05} -115176 -0.669982 24428.2 -0.179174 8.77803 0.807314 -6748.67 
180355072 [0.114121]  {3.83116e-05} -115172 -0.669941 24432.5 -0.179112 8.78031 0.807292 -6752.96 
181403648 [0.114121]  {3.65171e-05} -115167 -0.669896 24437.6 -0.179047 8.78375 0.807258 -6757.7 
182452224 [0.114121]  {3.48067e-05} -115155 -0.669844 24441.2 -0.178964 8.78632 0.807233 -6762.78 
183500800 [0.114121]  {3.31764e-05} -115154 -0.669836 24442.4 -0.178905 8.7883 0.807213 -6766.17 
184549376 [0.114121]  {3.16225e-05} -115146 -0.66978 24447.2 -0.178869 8.79022 0.807195 -6769.23 
185597952 [0.114121]  {3.01414e-05} -115140 -0.669753 24449.7 -0.178825 8.79226 0.807174 -6772.2 
186646528 [0.114121]  {2.87296e-05} -115127 -0.669697 24453.4 -0.178782 8.79401 0.807157 -6775.23 
187695104 [0.114121]  {2.7384e-05} -115128 -0.669684 24455.7 -0.178714 8.79622 0.807136 -6779.36 
188743680 [0.114121]  {2.61014e-05} -115129 -0.669657 24459.3 -0.178683 8.79803 0.807118 -6781.9 
189792256 [0.114121]  {2.48788e-05} -115122 -0.669633 24460.9 -0.178644 8.79943 0.807104 -6784.32 
190840832 [0.114121]  {2.37135e-05} -115114 -0.669608 24462.1 -0.178613 8.80033 0.807095 -6786.23 
191889408 [0.114121]  {2.26028e-05} -115108 -0.669593 24462.7 -0.178566 8.80153 0.807084 -6788.77 
192937984 [0.114121]  {2.15442e-05} -115106 -0.669574 24464.8 -0.178532 8.80297 0.80707 -6791.07 
193986560 [0.114121]  {2.05351e-05} -115100 -0.66956 24465 -0.178498 8.80368 0.807063 -6792.84 
195035136 [0.114121]  {1.95733e-05} -115100 -0.669549 24466.8 -0.178474 8.80497 0.80705 -6794.59 
196083712 [0.114121]  {1.86565e-05} -115096 -0.66953 24468.3 -0.178441 8.80629 0.807037 -6796.72 
197132288 [0.114121]  {1.77826e-05} -115096 -0.669519 24469.9 -0.178415 8.80749 0.807025 -6798.49 
198180864 [0.114121]  {1.69497e-05} -115094 -0.669506 24471.3 -0.178382 8.80844 0.807016 -6800.54 
199229440 [0.114121]  {1.61558e-05} -115091 -0.669485 24473.3 -0.178357 8.80984 0.807002 -6802.38 
200278016 [0.114121]  {1.53991e-05} -115087 -0.669462 24475.3 -0.178324 8.81106 0.80699 -6804.59 
201326592 [0.114121]  {1.46779e-05} -115086 -0.669448 24477.2 -0.178299 8.81226 0.806978 -6806.37 
202375168 [0.114121]  {1.39904e-05} -115079 -0.669427 24478.1 -0.178257 8.81334 0.806968 -6808.75 
