mainSeed: 1714728144
0 [0.116389]  {0.1} -39817.9 -0.523851 17297.1 -0.0905788 5.95214 0.842431 -8643.92 
1048576 [0.116364]  {0.1} -39811.4 -0.523851 17297.1 -0.0905788 5.95214 0.842328 -8643.92 
2097152 [0.116363]  {0.1} -39816.8 -0.523863 17297.1 -0.0905788 5.95214 0.842328 -8643.67 
3145728 [0.116363]  {0.1} -39816.8 -0.523863 17297.1 -0.0905788 5.95214 0.842328 -8643.67 
4194304 [0.116363]  {0.1} -39816.8 -0.523863 17297.1 -0.0905788 5.95214 0.842328 -8643.67 
5242880 [0.116363]  {0.1} -39817.3 -0.523863 17297.1 -0.0905788 5.95214 0.842328 -8643.62 
6291456 [0.116363]  {0.1} -39817.7 -0.523863 17297.1 -0.0905788 5.95214 0.842325 -8643.62 
7340032 [0.116362]  {0.1} -39818.4 -0.523849 17297.1 -0.0905788 5.95214 0.842325 -8643.42 
8388608 [0.116362]  {0.1} -39819.2 -0.523849 17297.1 -0.0905788 5.95214 0.842325 -8643.42 
9437184 [0.116322]  {0.0953161} -40368.5 -0.526184 17297 -0.0905748 5.9671 0.842014 -8643.42 
10485760 [0.116193]  {0.0908517} -42664.5 -0.5446 17298.5 -0.0865036 5.97385 0.842021 -8984.82 
11534336 [0.116192]  {0.0865964} -42663 -0.544634 17298.4 -0.0865081 5.9746 0.842012 -8984.99 
12582912 [0.116168]  {0.0825404} -43247.4 -0.547189 17298.1 -0.0868395 5.97561 0.842 -8966.72 
13631488 [0.116139]  {0.0786743} -43961.7 -0.548364 17298 -0.0888093 5.978 0.841994 -8830.64 
14680064 [0.116036]  {0.0749894} -46426.3 -0.561081 17250.4 -0.0899094 5.98719 0.841932 -8771.74 
15728640 [0.115935]  {0.071477} -49378.1 -0.576244 17171.3 -0.08991 6.00024 0.841829 -8771.76 
16777216 [0.115929]  {0.0681292} -49378.9 -0.576257 17171.1 -0.0899187 6.00739 0.841711 -8771.76 
17825792 [0.115751]  {0.0649381} -53654 -0.605568 16182.7 -0.0930951 6.00663 0.841584 -8154.07 
18874368 [0.115733]  {0.0618965} -54133.6 -0.607317 16182.3 -0.0934114 6.01416 0.841469 -8138.99 
19922944 [0.115728]  {0.0589974} -54126.8 -0.60739 16182.1 -0.0934271 6.01942 0.84139 -8139.31 
20971520 [0.115662]  {0.0562341} -56420.1 -0.617479 16137.2 -0.0934487 6.03669 0.841156 -8139.75 
22020096 [0.115657]  {0.0536002} -56418.6 -0.617503 16137.4 -0.0934974 6.04169 0.841069 -8137.75 
23068672 [0.11558]  {0.0510896} -58425.3 -0.634702 15577.6 -0.0925614 6.04416 0.840917 -7959.9 
24117248 [0.115537]  {0.0486967} -60665.7 -0.642321 15563.8 -0.0931069 6.04736 0.840888 -7932.49 
25165824 [0.115465]  {0.0464158} -63726.5 -0.649712 15541.3 -0.097187 6.06361 0.840713 -7699.07 
26214400 [0.115426]  {0.0442418} -65183.9 -0.650808 15468.1 -0.102571 6.07216 0.840569 -7362.79 
27262976 [0.115366]  {0.0421696} -67414 -0.665264 15119.3 -0.100445 6.0803 0.840356 -7347.24 
28311552 [0.115334]  {0.0401945} -67668.6 -0.665409 15184.6 -0.101246 6.10936 0.839969 -7342.3 
29360128 [0.115311]  {0.0383118} -68097.1 -0.666564 15184.3 -0.101448 6.1325 0.839589 -7333.99 
30408704 [0.115286]  {0.0365174} -69409.7 -0.670099 15184.3 -0.102369 6.14002 0.839497 -7291.5 
31457280 [0.115242]  {0.034807} -72188.7 -0.676558 15183.4 -0.104929 6.15329 0.839325 -7165.33 
32505856 [0.114989]  {0.0331767} -80604.8 -0.704019 15005.5 -0.107633 6.35039 0.83637 -7020.97 
33554432 [0.114958]  {0.0316227} -84024.2 -0.713468 15005 -0.107176 6.36351 0.836222 -7060.53 
34603008 [0.114926]  {0.0301416} -85347.6 -0.716555 14893.7 -0.110319 6.37745 0.835989 -6860.04 
35651584 [0.114865]  {0.0287298} -89302.1 -0.725333 14890.8 -0.112454 6.43014 0.835219 -6771.96 
36700160 [0.114849]  {0.0273842} -90146 -0.726162 14888.8 -0.114613 6.43844 0.835101 -6668.7 
37748736 [0.114813]  {0.0261015} -91178.4 -0.72773 14883.5 -0.117376 6.47385 0.834571 -6543.28 
38797312 [0.11478]  {0.024879} -92243.7 -0.729759 14827.2 -0.120307 6.50577 0.834065 -6390.05 
39845888 [0.114729]  {0.0237137} -98008.7 -0.736628 14969.9 -0.129266 6.52185 0.833869 -6056.16 
40894464 [0.114705]  {0.022603} -98134.6 -0.736558 14961.8 -0.132059 6.54661 0.833487 -5937.87 
41943040 [0.114642]  {0.0215443} -103792 -0.74575 14961.3 -0.143211 6.58639 0.83281 -5499.73 
42991616 [0.114617]  {0.0205352} -106720 -0.750084 14964.5 -0.15285 6.58684 0.832687 -5142.43 
44040192 [0.114588]  {0.0195734} -109128 -0.748478 15338.3 -0.162447 6.58836 0.832636 -4909.6 
45088768 [0.114584]  {0.0186566} -109116 -0.748474 15339.7 -0.164523 6.59337 0.832525 -4838.93 
46137344 [0.114581]  {0.0177828} -109118 -0.748592 15340.1 -0.164924 6.601 0.832409 -4826.79 
47185920 [0.11458]  {0.0169498} -109113 -0.748591 15340.1 -0.164927 6.60398 0.832361 -4826.83 
48234496 [0.114562]  {0.0161559} -109723 -0.746441 15580 -0.167194 6.62396 0.832107 -4816.09 
49283072 [0.114552]  {0.0153992} -110275 -0.745359 15740.3 -0.169483 6.62892 0.832057 -4782.02 
50331648 [0.114544]  {0.014678} -110108 -0.74299 15886.9 -0.171148 6.63618 0.831955 -4762.07 
51380224 [0.114524]  {0.0139905} -109140 -0.736916 16218.7 -0.174124 6.65899 0.831661 -4743.96 
52428800 [0.114515]  {0.0133352} -109608 -0.736925 16304.9 -0.176477 6.67028 0.831478 -4688.97 
53477376 [0.114506]  {0.0127106} -109021 -0.733213 16514.6 -0.179205 6.67719 0.831371 -4646.65 
54525952 [0.114488]  {0.0121152} -108667 -0.729137 16791.3 -0.180036 6.71253 0.83092 -4686.04 
55574528 [0.114478]  {0.0115478} -108997 -0.728788 16886.1 -0.180734 6.73312 0.830641 -4688.55 
56623104 [0.114461]  {0.0110069} -110465 -0.726997 17277.2 -0.183657 6.75633 0.830374 -4686.81 
57671680 [0.114441]  {0.0104914} -110605 -0.724406 17552.1 -0.186559 6.79439 0.829839 -4655.86 
58720256 [0.114436]  {0.00999997} -110440 -0.723125 17650.7 -0.187294 6.80208 0.829748 -4654.5 
59768832 [0.114429]  {0.00953159} -110383 -0.722335 17726.1 -0.187974 6.81831 0.829524 -4650.6 
60817408 [0.114423]  {0.00908515} -110356 -0.72249 17726.7 -0.188173 6.83693 0.829253 -4646.85 
61865984 [0.114416]  {0.00865962} -110277 -0.720612 17897.8 -0.190015 6.84909 0.829087 -4624.04 
62914560 [0.114413]  {0.00825402} -110396 -0.720809 17906.1 -0.189772 6.85879 0.828961 -4635.83 
63963136 [0.114405]  {0.00786742} -110829 -0.720518 18007.2 -0.189807 6.8783 0.828719 -4659.88 
65011712 [0.114392]  {0.00749892} -111715 -0.719855 18234.9 -0.191301 6.90612 0.828365 -4664.64 
66060288 [0.114377]  {0.00714769} -110858 -0.715993 18480 -0.193394 6.9496 0.827763 -4648.96 
67108864 [0.114367]  {0.0068129} -111324 -0.715033 18649.6 -0.193469 6.97368 0.827483 -4685.88 
68157440 [0.114358]  {0.0064938} -113026 -0.716132 18849 -0.194108 6.99476 0.827249 -4713.63 
69206016 [0.114347]  {0.00618964} -112827 -0.714443 18999.8 -0.195339 7.02572 0.826828 -4706.1 
70254592 [0.114334]  {0.00589973} -112423 -0.710987 19288.4 -0.197135 7.06373 0.826334 -4707.17 
71303168 [0.114319]  {0.0056234} -113229 -0.71191 19363.6 -0.195935 7.12316 0.825592 -4774.35 
72351744 [0.114314]  {0.00536001} -113602 -0.711695 19459 -0.196342 7.13991 0.825382 -4782.84 
73400320 [0.114297]  {0.00510895} -115233 -0.710289 19938.8 -0.199665 7.18533 0.824831 -4775.52 
74448896 [0.114294]  {0.00486966} -115130 -0.710204 19937.8 -0.199665 7.19723 0.824667 -4776.61 
75497472 [0.11429]  {0.00464157} -115192 -0.709717 20010.7 -0.200038 7.21492 0.82444 -4780.59 
76546048 [0.114282]  {0.00442417} -115246 -0.709326 20089.5 -0.200261 7.25282 0.823953 -4794.14 
77594624 [0.114274]  {0.00421695} -115755 -0.707806 20336.4 -0.201055 7.27606 0.823692 -4818.38 
78643200 [0.114265]  {0.00401944} -116173 -0.708544 20371.4 -0.200101 7.33141 0.823017 -4868.99 
79691776 [0.114259]  {0.00383117} -116848 -0.708435 20506.4 -0.200681 7.35093 0.822773 -4878.36 
80740352 [0.11425]  {0.00365173} -116880 -0.706769 20711.6 -0.201623 7.39251 0.822257 -4890.29 
81788928 [0.114245]  {0.00348069} -116899 -0.705325 20839.2 -0.201199 7.41616 0.821981 -4930.51 
82837504 [0.114242]  {0.00331766} -116912 -0.704837 20911.4 -0.201508 7.42816 0.821848 -4936.3 
83886080 [0.114235]  {0.00316227} -117265 -0.703915 21049.3 -0.200708 7.46117 0.821473 -4994.9 
84934656 [0.114227]  {0.00301415} -116932 -0.70204 21198.6 -0.200811 7.49831 0.821031 -5023.74 
85983232 [0.114223]  {0.00287297} -116989 -0.700397 21400.1 -0.202149 7.51588 0.820816 -5015.83 
87031808 [0.11422]  {0.00273841} -117032 -0.699705 21493.1 -0.202466 7.52898 0.82067 -5024.35 
88080384 [0.114211]  {0.00261015} -117407 -0.697986 21769.7 -0.203238 7.58141 0.820049 -5055.8 
89128960 [0.114208]  {0.00248789} -117335 -0.697623 21801.8 -0.203069 7.60078 0.819814 -5070.24 
90177536 [0.114206]  {0.00237136} -117497 -0.697669 21825.1 -0.20268 7.61542 0.819649 -5091.12 
91226112 [0.114202]  {0.00226029} -117487 -0.696362 21962.7 -0.202731 7.6355 0.819428 -5117.26 
92274688 [0.114199]  {0.00215443} -117489 -0.69584 22015.9 -0.202545 7.65098 0.819249 -5135.52 
93323264 [0.114196]  {0.00205352} -117429 -0.694911 22095.9 -0.202153 7.67018 0.819039 -5166.73 
94371840 [0.114192]  {0.00195733} -117285 -0.693905 22188.2 -0.202133 7.69977 0.818691 -5188.07 
95420416 [0.114186]  {0.00186566} -117266 -0.693369 22243.1 -0.201047 7.74857 0.818126 -5245.12 
96468992 [0.11418]  {0.00177827} -117540 -0.692579 22375.8 -0.200309 7.79128 0.817656 -5304.1 
97517568 [0.114176]  {0.00169498} -117493 -0.690903 22544.9 -0.200222 7.81711 0.817383 -5342.21 
98566144 [0.114175]  {0.00161559} -117466 -0.690743 22559.2 -0.200052 7.82894 0.817245 -5352.82 
99614720 [0.114171]  {0.00153992} -117434 -0.690193 22623 -0.199725 7.86411 0.816837 -5381.91 
100663296 [0.114169]  {0.00146779} -117424 -0.689355 22715 -0.199675 7.88369 0.816624 -5403.71 
101711872 [0.114167]  {0.00139904} -117306 -0.688458 22781.2 -0.199201 7.90202 0.816429 -5436.15 
102760448 [0.114165]  {0.00133352} -116816 -0.686619 22878.2 -0.199074 7.91666 0.816271 -5458.79 
103809024 [0.114163]  {0.00127106} -116961 -0.686727 22902.8 -0.198755 7.94044 0.815998 -5479.83 
104857600 [0.11416]  {0.00121152} -117157 -0.686437 22973.6 -0.198401 7.96242 0.815763 -5510.97 
105906176 [0.114157]  {0.00115478} -117121 -0.685444 23078.9 -0.198257 7.99032 0.815459 -5539.94 
106954752 [0.114155]  {0.00110069} -117005 -0.684607 23144.5 -0.197834 8.01363 0.815204 -5571.5 
108003328 [0.114153]  {0.00104913} -116902 -0.683896 23195.7 -0.19733 8.03163 0.815015 -5603.17 
109051904 [0.114151]  {0.000999995} -116911 -0.683017 23296.7 -0.197312 8.05364 0.814775 -5625.75 
110100480 [0.114149]  {0.000953157} -116853 -0.682109 23391.6 -0.197266 8.07797 0.81451 -5648.68 
111149056 [0.114147]  {0.000908513} -116833 -0.681443 23463.4 -0.196918 8.10353 0.814235 -5679.74 
112197632 [0.114145]  {0.00086596} -116724 -0.680699 23523.5 -0.196615 8.12605 0.813988 -5705.71 
113246208 [0.114144]  {0.0008254} -116822 -0.680658 23550.7 -0.196137 8.14705 0.813765 -5734.06 
114294784 [0.114143]  {0.00078674} -116841 -0.680434 23577.3 -0.195701 8.16389 0.813586 -5759.32 
115343360 [0.114141]  {0.00074989} -116769 -0.680272 23580.3 -0.195088 8.1838 0.81337 -5787.6 
116391936 [0.11414]  {0.000714767} -116832 -0.680197 23598.5 -0.194514 8.20161 0.813184 -5817.65 
117440512 [0.11414]  {0.000681289} -116803 -0.679973 23617.1 -0.194303 8.21129 0.813081 -5831.17 
118489088 [0.114138]  {0.000649378} -116703 -0.679187 23684.5 -0.193918 8.23418 0.812841 -5863 
119537664 [0.114137]  {0.000618963} -116643 -0.678946 23697.5 -0.19338 8.25163 0.812656 -5890.23 
120586240 [0.114136]  {0.000589972} -116610 -0.678599 23731.9 -0.192897 8.27649 0.81239 -5920.51 
121634816 [0.114135]  {0.000562338} -116631 -0.678311 23766.3 -0.192268 8.2968 0.812184 -5957 
122683392 [0.114134]  {0.000535999} -116616 -0.678048 23790.6 -0.19182 8.31281 0.812018 -5982.93 
123731968 [0.114133]  {0.000510894} -116565 -0.677536 23837.3 -0.191519 8.33045 0.811834 -6007.15 
124780544 [0.114132]  {0.000486965} -116568 -0.677498 23842.8 -0.190866 8.35188 0.811608 -6039.31 
125829120 [0.114131]  {0.000464156} -116565 -0.677241 23870.7 -0.190189 8.3742 0.811381 -6077.45 
126877696 [0.11413]  {0.000442416} -116400 -0.676606 23906.3 -0.189728 8.39284 0.811187 -6106.32 
127926272 [0.114129]  {0.000421694} -116430 -0.676452 23931.5 -0.189199 8.41398 0.810969 -6137.65 
128974848 [0.114128]  {0.000401943} -116330 -0.676049 23953 -0.188749 8.42672 0.810841 -6163.02 
130023424 [0.114128]  {0.000383117} -116268 -0.67563 23987.2 -0.188378 8.44324 0.810671 -6188.25 
131072000 [0.114127]  {0.000365172} -116243 -0.675372 24012.9 -0.188005 8.46009 0.810498 -6212.25 
132120576 [0.114127]  {0.000348068} -116175 -0.675144 24026.9 -0.187547 8.47781 0.810313 -6237.64 
133169152 [0.114126]  {0.000331765} -116088 -0.67486 24037.7 -0.186994 8.49126 0.810179 -6266 
134217728 [0.114126]  {0.000316226} -116106 -0.674767 24054.7 -0.186684 8.50502 0.810038 -6285.46 
135266304 [0.114125]  {0.000301414} -116110 -0.674535 24081.7 -0.186267 8.52044 0.809884 -6312 
136314880 [0.114125]  {0.000287297} -116056 -0.674308 24097.6 -0.185999 8.53189 0.809766 -6328.73 
137363456 [0.114124]  {0.00027384} -116006 -0.674121 24108.1 -0.185578 8.54461 0.809638 -6351.51 
138412032 [0.114124]  {0.000261014} -115973 -0.673996 24117.9 -0.185205 8.55849 0.809496 -6372.37 
139460608 [0.114124]  {0.000248789} -115925 -0.673689 24140.6 -0.18482 8.56988 0.809384 -6396.02 
140509184 [0.114124]  {0.000237136} -115885 -0.673506 24155.1 -0.184597 8.58088 0.809271 -6410.59 
141557760 [0.114123]  {0.000226029} -115860 -0.673345 24168.1 -0.1843 8.59009 0.80918 -6428.14 
142606336 [0.114123]  {0.000215442} -115841 -0.67325 24175.3 -0.184154 8.5955 0.809126 -6437.04 
143654912 [0.114123]  {0.000205351} -115787 -0.673086 24182.5 -0.18394 8.60231 0.809057 -6449.09 
144703488 [0.114123]  {0.000195733} -115714 -0.672878 24189.3 -0.183608 8.60993 0.808982 -6466.51 
145752064 [0.114123]  {0.000186565} -115664 -0.672625 24207.9 -0.183375 8.61923 0.80889 -6482.32 
146800640 [0.114122]  {0.000177827} -115636 -0.672338 24236.2 -0.183176 8.63081 0.808774 -6499.04 
147849216 [0.114122]  {0.000169498} -115603 -0.67218 24249.3 -0.183026 8.63924 0.808688 -6509.81 
148897792 [0.114122]  {0.000161559} -115581 -0.672109 24253.8 -0.182703 8.64875 0.808593 -6527.09 
149946368 [0.114122]  {0.000153992} -115592 -0.672054 24263.1 -0.182493 8.65661 0.808514 -6540.02 
150994944 [0.114122]  {0.000146779} -115572 -0.671925 24274.5 -0.182304 8.66382 0.808443 -6552.2 
152043520 [0.114122]  {0.000139904} -115515 -0.671757 24282.2 -0.182075 8.67097 0.808372 -6565.38 
153092096 [0.114122]  {0.000133351} -115512 -0.671712 24287 -0.181946 8.67504 0.808332 -6573 
154140672 [0.114122]  {0.000127105} -115519 -0.67167 24294.3 -0.181812 8.68088 0.808273 -6581.73 
155189248 [0.114122]  {0.000121152} -115505 -0.671532 24308 -0.181678 8.68733 0.808209 -6591.85 
156237824 [0.114121]  {0.000115477} -115471 -0.671399 24316.8 -0.181509 8.69348 0.808149 -6602.46 
157286400 [0.114121]  {0.000110069} -115446 -0.671253 24328.2 -0.181394 8.69856 0.808098 -6610.9 
158334976 [0.114121]  {0.000104913} -115431 -0.671207 24331.2 -0.18126 8.70306 0.808053 -6618.42 
159383552 [0.114121]  {9.99993e-05} -115393 -0.671058 24340.4 -0.181078 8.70881 0.807997 -6629.69 
160432128 [0.114121]  {9.53155e-05} -115354 -0.670956 24343.9 -0.180929 8.71292 0.807956 -6637.88 
161480704 [0.114121]  {9.08511e-05} -115329 -0.670859 24350.8 -0.180773 8.7191 0.807894 -6647.52 
162529280 [0.114121]  {8.65958e-05} -115322 -0.670775 24360.3 -0.180635 8.72547 0.807831 -6657.05 
163577856 [0.114121]  {8.25398e-05} -115320 -0.670743 24364.1 -0.180484 8.72981 0.807789 -6665.71 
164626432 [0.114121]  {7.86738e-05} -115311 -0.670698 24368 -0.180314 8.73491 0.807739 -6675.37 
165675008 [0.114121]  {7.49889e-05} -115301 -0.670639 24373.5 -0.180219 8.73876 0.807701 -6681.57 
166723584 [0.114121]  {7.14765e-05} -115286 -0.670562 24379.3 -0.18009 8.74304 0.807659 -6689.55 
167772160 [0.114121]  {6.81287e-05} -115277 -0.670529 24382.4 -0.179957 8.74752 0.807614 -6697.23 
168820736 [0.114121]  {6.49377e-05} -115260 -0.670438 24390.2 -0.179848 8.75249 0.807565 -6704.77 
169869312 [0.114121]  {6.18961e-05} -115245 -0.670343 24397.7 -0.179748 8.75578 0.807534 -6711.58 
170917888 [0.114121]  {5.8997e-05} -115239 -0.670263 24406.4 -0.179683 8.75985 0.807493 -6717.1 
171966464 [0.114121]  {5.62337e-05} -115222 -0.670212 24409.4 -0.179587 8.76317 0.80746 -6722.78 
173015040 [0.114121]  {5.35998e-05} -115214 -0.670171 24412.9 -0.17946 8.76729 0.80742 -6730.23 
174063616 [0.114121]  {5.10893e-05} -115209 -0.670159 24413.9 -0.179363 8.77012 0.807392 -6735.48 
175112192 [0.114121]  {4.86964e-05} -115206 -0.670147 24415.1 -0.179246 8.77314 0.807363 -6741.86 
176160768 [0.114121]  {4.64155e-05} -115196 -0.670121 24416.9 -0.179152 8.77604 0.807334 -6747.19 
177209344 [0.114121]  {4.42415e-05} -115178 -0.670071 24419.3 -0.17906 8.77896 0.807305 -6752.46 
178257920 [0.114121]  {4.21693e-05} -115163 -0.670009 24423.3 -0.179005 8.78098 0.807286 -6756.23 
179306496 [0.114121]  {4.01942e-05} -115154 -0.669965 24426.5 -0.178945 8.78292 0.807267 -6760.06 
180355072 [0.114121]  {3.83116e-05} -115135 -0.669896 24430.6 -0.17891 8.78487 0.807247 -6762.84 
181403648 [0.114121]  {3.65171e-05} -115126 -0.669829 24436.6 -0.178867 8.78717 0.807225 -6766.49 
182452224 [0.114121]  {3.48067e-05} -115126 -0.669799 24440.6 -0.178821 8.78964 0.8072 -6769.93 
183500800 [0.114121]  {3.31764e-05} -115112 -0.669762 24442.1 -0.178766 8.79116 0.807185 -6773.07 
184549376 [0.114121]  {3.16225e-05} -115114 -0.669742 24445.2 -0.178711 8.79312 0.807167 -6776.73 
185597952 [0.114121]  {3.01414e-05} -115111 -0.669717 24447.8 -0.178685 8.7946 0.807152 -6778.77 
186646528 [0.114121]  {2.87296e-05} -115107 -0.669701 24449.3 -0.178623 8.79682 0.80713 -6782.42 
187695104 [0.114121]  {2.7384e-05} -115107 -0.669687 24451 -0.178584 8.79793 0.80712 -6784.86 
188743680 [0.114121]  {2.61014e-05} -115103 -0.669658 24454 -0.178567 8.7996 0.807103 -6786.53 
189792256 [0.114121]  {2.48788e-05} -115112 -0.669647 24457.5 -0.178543 8.80108 0.807088 -6788.73 
190840832 [0.114121]  {2.37135e-05} -115102 -0.66961 24459.6 -0.178517 8.80201 0.807079 -6790.51 
191889408 [0.114121]  {2.26028e-05} -115097 -0.669592 24460.9 -0.178479 8.80342 0.807065 -6792.81 
192937984 [0.114121]  {2.15442e-05} -115100 -0.669583 24462.9 -0.178442 8.80471 0.807053 -6795.29 
193986560 [0.114121]  {2.05351e-05} -115089 -0.669557 24463.8 -0.178403 8.80597 0.80704 -6797.49 
195035136 [0.114121]  {1.95733e-05} -115087 -0.669527 24467 -0.178385 8.80712 0.807029 -6799.23 
196083712 [0.114121]  {1.86565e-05} -115085 -0.669518 24467.8 -0.178358 8.80802 0.80702 -6800.81 
197132288 [0.114121]  {1.77826e-05} -115079 -0.669494 24469.2 -0.178332 8.80885 0.807012 -6802.51 
198180864 [0.114121]  {1.69497e-05} -115073 -0.669463 24471.5 -0.178315 8.80972 0.807004 -6803.95 
199229440 [0.114121]  {1.61558e-05} -115070 -0.66945 24472.6 -0.178296 8.81046 0.806997 -6805.2 
200278016 [0.114121]  {1.53991e-05} -115068 -0.669436 24474.2 -0.17827 8.81166 0.806985 -6806.97 
201326592 [0.114121]  {1.46779e-05} -115067 -0.66943 24474.9 -0.17825 8.81241 0.806977 -6808.22 
