mainSeed: 2934626808
0 [0.116389]  {0.1} -39817.9 -0.523851 17297.1 -0.0905788 5.95214 0.842431 -8643.92 
1048576 [0.11636]  {0.1} -39832.1 -0.523851 17297.1 -0.0905788 5.95214 0.84233 -8642.78 
2097152 [0.11636]  {0.1} -39832.1 -0.523851 17297.1 -0.0905788 5.95214 0.84233 -8642.78 
3145728 [0.116359]  {0.1} -39832.4 -0.523851 17297.1 -0.0905788 5.95214 0.842313 -8642.53 
4194304 [0.116359]  {0.1} -39834.9 -0.523843 17297.1 -0.0905788 5.95214 0.842313 -8642.53 
5242880 [0.116359]  {0.1} -39834.9 -0.523843 17297 -0.0905788 5.95214 0.842313 -8642.29 
6291456 [0.116358]  {0.1} -39840.8 -0.523843 17297 -0.0905788 5.95214 0.842313 -8641.92 
7340032 [0.116357]  {0.1} -39842.7 -0.523838 17297 -0.0905788 5.95214 0.842313 -8641.96 
8388608 [0.116357]  {0.1} -39844.8 -0.523838 17297 -0.0905788 5.95214 0.842313 -8641.94 
9437184 [0.116305]  {0.0953161} -40944.7 -0.529103 17288.2 -0.0905809 5.94961 0.842304 -8641.77 
10485760 [0.116273]  {0.0908517} -41380.2 -0.532218 17262.9 -0.0905745 5.95174 0.842304 -8641.82 
11534336 [0.116242]  {0.0865964} -42106.3 -0.535452 17286.3 -0.090831 5.95059 0.842338 -8642.59 
12582912 [0.116238]  {0.0825404} -42077 -0.535474 17285.9 -0.0908504 5.95151 0.842344 -8643.04 
13631488 [0.116234]  {0.0786743} -42070.2 -0.535624 17285.9 -0.0908811 5.95214 0.842348 -8643.3 
14680064 [0.116119]  {0.0749894} -44747.2 -0.549165 17285.7 -0.0915821 5.95808 0.842355 -8633.15 
15728640 [0.116089]  {0.071477} -45501.7 -0.549168 17285.6 -0.0950763 5.96303 0.842303 -8398.29 
16777216 [0.116085]  {0.0681292} -45457.4 -0.549171 17285.6 -0.0950817 5.96703 0.842252 -8400.22 
17825792 [0.115949]  {0.0649381} -49165.8 -0.570085 16960.1 -0.0966105 5.97585 0.842132 -8205.24 
18874368 [0.115804]  {0.0618965} -52561.4 -0.597778 16325.5 -0.0938586 5.98553 0.841934 -8154.34 
19922944 [0.115801]  {0.0589974} -52556.7 -0.597807 16325.4 -0.0938663 5.98954 0.841868 -8154.56 
20971520 [0.115786]  {0.0562341} -52946.8 -0.599464 16325.1 -0.0939269 5.99549 0.841779 -8154.93 
22020096 [0.115733]  {0.0536002} -54583.8 -0.606227 16324.2 -0.0940298 6.0198 0.841411 -8164.2 
23068672 [0.115644]  {0.0510896} -57368.7 -0.617276 16335.8 -0.0945944 6.05739 0.840908 -8165.21 
24117248 [0.115484]  {0.0486967} -63124.6 -0.647152 15695 -0.0955798 6.06774 0.840696 -7862.79 
25165824 [0.115434]  {0.0464158} -64998.5 -0.649556 15608.9 -0.101724 6.08054 0.840514 -7477.14 
26214400 [0.115371]  {0.0442418} -66445.7 -0.65658 15473.6 -0.10174 6.11125 0.840002 -7430.88 
27262976 [0.115356]  {0.0421696} -66743.5 -0.657988 15463.7 -0.10174 6.12313 0.839834 -7431.56 
28311552 [0.115291]  {0.0401945} -69617.2 -0.670206 15305.5 -0.100837 6.14776 0.839405 -7430.99 
29360128 [0.115256]  {0.0383118} -71459.1 -0.676106 15305 -0.100899 6.1653 0.839174 -7440.03 
30408704 [0.115212]  {0.0365174} -73932.6 -0.67984 15300.1 -0.106025 6.18011 0.839022 -7170.98 
31457280 [0.115193]  {0.034807} -73932.9 -0.679882 15299.5 -0.106037 6.19668 0.838726 -7171.3 
32505856 [0.115157]  {0.0331767} -75433.8 -0.682116 15288.4 -0.109262 6.21453 0.838439 -7002.52 
33554432 [0.115129]  {0.0316227} -75862.4 -0.683027 15288.3 -0.110329 6.23683 0.838117 -6953.3 
34603008 [0.11506]  {0.0301416} -79090.3 -0.691241 15264.4 -0.112679 6.28215 0.837408 -6842.45 
35651584 [0.115021]  {0.0287298} -78961.1 -0.693016 15180.7 -0.11214 6.32339 0.836769 -6843.21 
36700160 [0.114967]  {0.0273842} -78037.8 -0.691508 15174.3 -0.113 6.41037 0.835445 -6810.16 
37748736 [0.114888]  {0.0261015} -84104.8 -0.704644 15171.7 -0.118044 6.42837 0.835224 -6583.97 
38797312 [0.114824]  {0.024879} -87650.1 -0.713699 15137.7 -0.120277 6.4785 0.834517 -6487.11 
39845888 [0.114805]  {0.0237137} -89071 -0.716654 15116.7 -0.12218 6.48679 0.834391 -6395.94 
40894464 [0.114711]  {0.022603} -94702 -0.725614 15050.3 -0.138347 6.5192 0.833812 -5688.22 
41943040 [0.114633]  {0.0215443} -102111 -0.737123 15125.7 -0.156289 6.53301 0.833408 -5039.25 
42991616 [0.114619]  {0.0205352} -103128 -0.737036 15268.5 -0.159195 6.54003 0.833317 -4979.31 
44040192 [0.114604]  {0.0195734} -103098 -0.73225 15571.6 -0.163714 6.54429 0.833254 -4899.8 
45088768 [0.114589]  {0.0186566} -105233 -0.735453 15668.3 -0.167029 6.55194 0.833146 -4819.22 
46137344 [0.11458]  {0.0177828} -106375 -0.735446 15823.8 -0.17034 6.55512 0.833077 -4747.82 
47185920 [0.114567]  {0.0169498} -107497 -0.737248 15890.5 -0.175026 6.55952 0.832967 -4614.13 
48234496 [0.11456]  {0.0161559} -108573 -0.738353 15982.4 -0.177589 6.56303 0.832906 -4556.77 
49283072 [0.114541]  {0.0153992} -109585 -0.735182 16400.6 -0.182032 6.57628 0.832761 -4515.75 
50331648 [0.114503]  {0.014678} -111038 -0.737589 16519.4 -0.183195 6.6769 0.831316 -4525.34 
51380224 [0.114495]  {0.0139905} -112166 -0.737704 16695.4 -0.1857 6.6802 0.831279 -4488.41 
52428800 [0.114494]  {0.0133352} -112155 -0.737702 16695.3 -0.185703 6.68416 0.831219 -4488.64 
53477376 [0.114489]  {0.0127106} -112604 -0.737226 16796.8 -0.185357 6.69037 0.83118 -4524.5 
54525952 [0.114485]  {0.0121152} -112563 -0.737176 16805.4 -0.185472 6.70478 0.830958 -4524.55 
55574528 [0.114474]  {0.0115478} -113600 -0.737168 16984.3 -0.187313 6.72252 0.83073 -4510.49 
56623104 [0.114467]  {0.0110069} -113728 -0.735393 17143.1 -0.187596 6.73268 0.830625 -4537.03 
57671680 [0.114462]  {0.0104914} -113617 -0.735055 17192.4 -0.189821 6.74108 0.830464 -4478.23 
58720256 [0.114441]  {0.00999997} -112752 -0.73182 17368.9 -0.189987 6.80516 0.829591 -4517.27 
59768832 [0.114429]  {0.00953159} -113554 -0.730354 17628 -0.191513 6.81828 0.829454 -4527.05 
60817408 [0.114426]  {0.00908515} -113307 -0.729967 17633.1 -0.191372 6.83024 0.82929 -4534.06 
61865984 [0.114417]  {0.00865962} -113231 -0.727419 17855.1 -0.193456 6.84068 0.829145 -4513.72 
62914560 [0.114406]  {0.00825402} -112417 -0.721544 18236.1 -0.195481 6.84889 0.82908 -4523.66 
63963136 [0.114395]  {0.00786742} -113824 -0.721612 18490.3 -0.197294 6.8708 0.828811 -4523.61 
65011712 [0.114385]  {0.00749892} -114211 -0.721147 18635.7 -0.198777 6.89809 0.828432 -4509.99 
66060288 [0.114376]  {0.00714769} -114101 -0.719051 18835.3 -0.200419 6.91786 0.828162 -4498.1 
67108864 [0.114371]  {0.0068129} -114280 -0.718636 18933.9 -0.201675 6.92692 0.828035 -4479.46 
68157440 [0.114363]  {0.0064938} -115390 -0.717632 19241.5 -0.203817 6.94188 0.82786 -4474.27 
69206016 [0.114354]  {0.00618964} -114413 -0.714905 19339.6 -0.203868 6.97024 0.827476 -4491.11 
70254592 [0.114349]  {0.00589973} -114812 -0.715483 19381.2 -0.204294 6.98648 0.827262 -4489.88 
71303168 [0.114345]  {0.0056234} -115672 -0.716081 19491.1 -0.204926 7.00014 0.827094 -4495.18 
72351744 [0.114331]  {0.00536001} -116130 -0.715478 19655 -0.205188 7.04775 0.826478 -4525.04 
73400320 [0.114324]  {0.00510895} -115707 -0.712915 19815.5 -0.204947 7.06761 0.82625 -4562.83 
74448896 [0.114319]  {0.00486966} -115500 -0.712204 19878.5 -0.205515 7.08969 0.82595 -4559.07 
75497472 [0.114311]  {0.00464157} -115988 -0.710547 20129.7 -0.206299 7.10619 0.825774 -4582.68 
76546048 [0.114301]  {0.00442417} -115754 -0.708612 20303.7 -0.206683 7.14611 0.825267 -4606.48 
77594624 [0.114295]  {0.00421695} -116373 -0.708484 20448 -0.207594 7.16676 0.825 -4607.02 
78643200 [0.114288]  {0.00401944} -116273 -0.707795 20522 -0.207786 7.19713 0.824604 -4618.08 
79691776 [0.114279]  {0.00383117} -116280 -0.706266 20676.3 -0.207322 7.23482 0.824153 -4665.95 
80740352 [0.114274]  {0.00365173} -116963 -0.706158 20821.4 -0.207726 7.25301 0.823945 -4683.28 
81788928 [0.114269]  {0.00348069} -116780 -0.704632 20936.2 -0.207465 7.27186 0.823729 -4714.08 
82837504 [0.114265]  {0.00331766} -116743 -0.704377 20965.1 -0.207401 7.291 0.823482 -4723.89 
83886080 [0.114256]  {0.00316227} -116303 -0.702231 21096 -0.206705 7.33022 0.82301 -4773.96 
84934656 [0.11425]  {0.00301415} -116376 -0.701376 21197.1 -0.206262 7.3598 0.822663 -4811.49 
85983232 [0.11424]  {0.00287297} -116455 -0.700239 21350.4 -0.206015 7.41394 0.822004 -4855.57 
87031808 [0.114234]  {0.00273841} -116968 -0.699959 21472.4 -0.205634 7.44078 0.821699 -4896.23 
88080384 [0.114228]  {0.00261015} -116988 -0.699194 21561.6 -0.205479 7.47365 0.821299 -4921.62 
89128960 [0.114225]  {0.00248789} -117241 -0.698672 21668.2 -0.205541 7.48996 0.82112 -4942.01 
90177536 [0.11422]  {0.00237136} -117774 -0.698594 21790.7 -0.205651 7.52078 0.820759 -4966.48 
91226112 [0.114215]  {0.00226029} -117830 -0.698061 21887.4 -0.206114 7.55325 0.820352 -4972.41 
92274688 [0.114209]  {0.00215443} -118088 -0.697346 22030.4 -0.206261 7.58808 0.819949 -4998.88 
93323264 [0.114206]  {0.00205352} -117649 -0.695534 22112.8 -0.205488 7.60292 0.819796 -5040.6 
94371840 [0.1142]  {0.00195733} -117595 -0.695439 22115.3 -0.204284 7.64715 0.819275 -5090.71 
95420416 [0.114198]  {0.00186566} -117590 -0.694379 22213.6 -0.204119 7.6548 0.819206 -5115 
96468992 [0.114195]  {0.00177827} -117346 -0.692944 22320.7 -0.204121 7.67365 0.818991 -5135.6 
97517568 [0.11419]  {0.00169498} -117295 -0.691599 22453.4 -0.203845 7.70263 0.818666 -5173.24 
98566144 [0.114186]  {0.00161559} -117195 -0.691287 22479.5 -0.203425 7.73672 0.818261 -5197.89 
99614720 [0.114184]  {0.00153992} -117395 -0.690856 22555 -0.203019 7.75521 0.81806 -5229.47 
100663296 [0.11418]  {0.00146779} -117244 -0.68996 22625.7 -0.202691 7.78093 0.817768 -5257.58 
101711872 [0.114178]  {0.00139904} -117567 -0.690042 22678.5 -0.202229 7.80237 0.817537 -5288.97 
102760448 [0.114173]  {0.00133352} -117758 -0.68999 22733.3 -0.201618 7.84594 0.817035 -5329.09 
103809024 [0.11417]  {0.00127106} -117584 -0.688745 22835.4 -0.201279 7.87508 0.816711 -5363.98 
104857600 [0.114167]  {0.00121152} -117567 -0.688082 22900 -0.200836 7.89563 0.81649 -5395.54 
105906176 [0.114165]  {0.00115478} -117534 -0.687548 22947.4 -0.200459 7.91821 0.816232 -5421.05 
106954752 [0.114161]  {0.00110069} -117453 -0.686552 23041.3 -0.199839 7.95186 0.815869 -5467.11 
108003328 [0.114159]  {0.00104913} -117356 -0.68556 23122.3 -0.199351 7.97409 0.815632 -5503.5 
109051904 [0.114156]  {0.000999995} -116967 -0.684379 23167.3 -0.198482 8.00413 0.815302 -5548.44 
110100480 [0.114154]  {0.000953157} -117094 -0.684326 23201.5 -0.197862 8.03132 0.815006 -5584.04 
111149056 [0.114151]  {0.000908513} -117447 -0.684483 23255.6 -0.197061 8.06932 0.814592 -5632.91 
112197632 [0.114148]  {0.00086596} -117397 -0.683759 23326.1 -0.19625 8.10674 0.814193 -5684.21 
113246208 [0.114145]  {0.0008254} -117264 -0.68269 23419.8 -0.195712 8.14491 0.813776 -5728.42 
114294784 [0.114143]  {0.00078674} -117173 -0.682168 23450.1 -0.19478 8.16774 0.813544 -5775.23 
115343360 [0.114141]  {0.00074989} -117018 -0.68156 23483.6 -0.194277 8.18785 0.813327 -5804.36 
116391936 [0.11414]  {0.000714767} -117092 -0.681138 23553.4 -0.193955 8.21361 0.81306 -5835.76 
117440512 [0.114138]  {0.000681289} -117116 -0.680454 23635.4 -0.193644 8.24336 0.812737 -5868.35 
118489088 [0.114137]  {0.000649378} -116946 -0.679933 23657.2 -0.193308 8.25446 0.812621 -5887.53 
119537664 [0.114136]  {0.000618963} -116857 -0.679541 23672 -0.192391 8.27386 0.812425 -5931.12 
120586240 [0.114135]  {0.000589972} -116726 -0.679016 23705.6 -0.19181 8.29932 0.812155 -5965.39 
121634816 [0.114133]  {0.000562338} -116703 -0.678593 23749.5 -0.191441 8.31862 0.811954 -5992.43 
122683392 [0.114132]  {0.000535999} -116737 -0.678343 23783.1 -0.190805 8.343 0.8117 -6029.78 
123731968 [0.114131]  {0.000510894} -116627 -0.678025 23795.7 -0.190246 8.35861 0.811541 -6058.32 
124780544 [0.114131]  {0.000486965} -116493 -0.677558 23816.3 -0.189921 8.36703 0.811457 -6076.96 
125829120 [0.11413]  {0.000464156} -116346 -0.67702 23844.1 -0.189524 8.38153 0.811307 -6101.01 
126877696 [0.11413]  {0.000442416} -116312 -0.676791 23862.3 -0.189127 8.39496 0.81117 -6123.69 
127926272 [0.114129]  {0.000421694} -116381 -0.676809 23876.5 -0.188761 8.41041 0.811008 -6145.08 
128974848 [0.114129]  {0.000401943} -116379 -0.67658 23902.1 -0.18842 8.42453 0.810864 -6167.23 
130023424 [0.114128]  {0.000383117} -116279 -0.676385 23906.3 -0.187971 8.44208 0.810677 -6189.88 
131072000 [0.114128]  {0.000365172} -116303 -0.676238 23927.3 -0.187682 8.45192 0.810581 -6208.52 
132120576 [0.114127]  {0.000348068} -116262 -0.675949 23951.3 -0.187358 8.46474 0.81045 -6229.41 
133169152 [0.114127]  {0.000331765} -116216 -0.675835 23954.6 -0.18679 8.47967 0.810299 -6257.39 
134217728 [0.114126]  {0.000316226} -116129 -0.675522 23971.3 -0.186208 8.49771 0.810115 -6288.98 
135266304 [0.114126]  {0.000301414} -116094 -0.675219 23997.9 -0.185923 8.50939 0.809998 -6308.77 
136314880 [0.114125]  {0.000287297} -116043 -0.674844 24031 -0.185709 8.52273 0.809861 -6326.84 
137363456 [0.114125]  {0.00027384} -115909 -0.674413 24051.3 -0.185367 8.53454 0.809742 -6347.54 
138412032 [0.114124]  {0.000261014} -115934 -0.674301 24069.5 -0.18507 8.5458 0.80963 -6366.51 
139460608 [0.114124]  {0.000248789} -115812 -0.673881 24092.4 -0.184816 8.55761 0.809509 -6383.93 
140509184 [0.114124]  {0.000237136} -115790 -0.673652 24114.5 -0.184405 8.57319 0.809351 -6409.36 
141557760 [0.114123]  {0.000226029} -115778 -0.673465 24134.2 -0.184208 8.5825 0.809258 -6423.82 
142606336 [0.114123]  {0.000215442} -115762 -0.673437 24135.7 -0.183902 8.59215 0.809159 -6439.52 
143654912 [0.114123]  {0.000205351} -115714 -0.673244 24147.9 -0.183535 8.60336 0.809048 -6460.4 
144703488 [0.114123]  {0.000195733} -115705 -0.67309 24163.3 -0.183216 8.61311 0.808953 -6479.77 
145752064 [0.114123]  {0.000186565} -115666 -0.672952 24172.3 -0.183027 8.62138 0.808868 -6491.41 
146800640 [0.114122]  {0.000177827} -115663 -0.672865 24183 -0.182676 8.63283 0.808754 -6511.64 
147849216 [0.114122]  {0.000169498} -115625 -0.672657 24200.1 -0.182397 8.64424 0.80864 -6529.68 
148897792 [0.114122]  {0.000161559} -115595 -0.672543 24207.2 -0.182228 8.64976 0.808585 -6539.8 
149946368 [0.114122]  {0.000153992} -115572 -0.672359 24223 -0.182113 8.65512 0.808532 -6549.12 
150994944 [0.114122]  {0.000146779} -115534 -0.672173 24237.2 -0.181945 8.66284 0.808455 -6560.94 
152043520 [0.114122]  {0.000139904} -115524 -0.672092 24245.5 -0.181785 8.66929 0.80839 -6571.09 
153092096 [0.114122]  {0.000133351} -115468 -0.67192 24254 -0.181615 8.67554 0.808328 -6581.52 
154140672 [0.114122]  {0.000127105} -115465 -0.671793 24268.2 -0.18152 8.6809 0.808275 -6589.78 
155189248 [0.114121]  {0.000121152} -115462 -0.671654 24286 -0.181374 8.69054 0.808177 -6601.87 
156237824 [0.114121]  {0.000115477} -115415 -0.671487 24294.7 -0.181174 8.69631 0.808121 -6613.74 
157286400 [0.114121]  {0.000110069} -115398 -0.671367 24305.4 -0.181057 8.70154 0.808069 -6622.21 
158334976 [0.114121]  {0.000104913} -115374 -0.671267 24312.4 -0.180908 8.70682 0.808017 -6631.46 
159383552 [0.114121]  {9.99993e-05} -115351 -0.671155 24320.5 -0.180762 8.71159 0.807971 -6640.7 
160432128 [0.114121]  {9.53155e-05} -115357 -0.671105 24329.6 -0.18059 8.7195 0.807891 -6651.97 
161480704 [0.114121]  {9.08511e-05} -115333 -0.671 24337.5 -0.180466 8.72488 0.807837 -6660.21 
162529280 [0.114121]  {8.65958e-05} -115341 -0.670946 24345.6 -0.180271 8.73092 0.807779 -6672.17 
163577856 [0.114121]  {8.25398e-05} -115332 -0.670898 24350.1 -0.180222 8.73352 0.807753 -6675.83 
164626432 [0.114121]  {7.86738e-05} -115316 -0.670804 24357.9 -0.180141 8.73712 0.807718 -6681.85 
165675008 [0.114121]  {7.49889e-05} -115289 -0.670733 24361 -0.179969 8.74232 0.807666 -6691.38 
166723584 [0.114121]  {7.14765e-05} -115269 -0.670631 24369.7 -0.179888 8.74705 0.807619 -6697.72 
167772160 [0.114121]  {6.81287e-05} -115259 -0.670559 24375.5 -0.179738 8.75114 0.807579 -6706.69 
168820736 [0.114121]  {6.49377e-05} -115252 -0.670492 24382.4 -0.179667 8.75458 0.807546 -6712.06 
169869312 [0.114121]  {6.18961e-05} -115227 -0.670402 24387.6 -0.17956 8.75816 0.80751 -6718.7 
170917888 [0.114121]  {5.8997e-05} -115215 -0.67034 24392.7 -0.179477 8.76139 0.807479 -6724.23 
171966464 [0.114121]  {5.62337e-05} -115208 -0.670336 24392.6 -0.179406 8.76376 0.807455 -6727.97 
173015040 [0.114121]  {5.35998e-05} -115199 -0.670285 24396.6 -0.179316 8.76639 0.80743 -6733.47 
174063616 [0.114121]  {5.10893e-05} -115182 -0.670188 24404.6 -0.179234 8.77029 0.807391 -6739.62 
175112192 [0.114121]  {4.86964e-05} -115170 -0.670148 24408 -0.179175 8.77374 0.807356 -6743.65 
176160768 [0.114121]  {4.64155e-05} -115164 -0.670111 24410.7 -0.179092 8.7757 0.807338 -6748.52 
177209344 [0.114121]  {4.42415e-05} -115167 -0.670075 24416.1 -0.179021 8.77866 0.807309 -6753.55 
178257920 [0.114121]  {4.21693e-05} -115165 -0.670034 24420.5 -0.178993 8.78038 0.807292 -6756.11 
179306496 [0.114121]  {4.01942e-05} -115152 -0.669966 24425.7 -0.178958 8.78221 0.807274 -6759.13 
180355072 [0.114121]  {3.83116e-05} -115146 -0.669931 24428.9 -0.178928 8.78404 0.807256 -6761.52 
181403648 [0.114121]  {3.65171e-05} -115144 -0.669916 24430.4 -0.178872 8.78571 0.807239 -6764.77 
182452224 [0.114121]  {3.48067e-05} -115142 -0.669887 24433.9 -0.178847 8.78738 0.807223 -6767 
183500800 [0.114121]  {3.31764e-05} -115131 -0.669846 24436.5 -0.178788 8.78953 0.807202 -6770.68 
184549376 [0.114121]  {3.16225e-05} -115127 -0.669828 24437.8 -0.178735 8.79111 0.807186 -6773.77 
185597952 [0.114121]  {3.01414e-05} -115121 -0.669813 24438.7 -0.178673 8.79276 0.80717 -6777.15 
186646528 [0.114121]  {2.87296e-05} -115114 -0.66976 24443.5 -0.178639 8.7947 0.807151 -6780.12 
187695104 [0.114121]  {2.7384e-05} -115111 -0.669745 24445.2 -0.178603 8.79634 0.807135 -6782.45 
188743680 [0.114121]  {2.61014e-05} -115111 -0.669721 24448.1 -0.178584 8.79742 0.807124 -6784.15 
189792256 [0.114121]  {2.48788e-05} -115105 -0.669695 24450.2 -0.17854 8.79921 0.807107 -6786.98 
190840832 [0.114121]  {2.37135e-05} -115102 -0.669664 24453.3 -0.178506 8.8007 0.807092 -6789.5 
191889408 [0.114121]  {2.26028e-05} -115101 -0.669653 24454.7 -0.178473 8.80211 0.807078 -6791.64 
192937984 [0.114121]  {2.15442e-05} -115097 -0.669627 24457.3 -0.17843 8.80387 0.807061 -6794.52 
193986560 [0.114121]  {2.05351e-05} -115096 -0.669605 24459.6 -0.178398 8.80495 0.807051 -6796.69 
195035136 [0.114121]  {1.95733e-05} -115087 -0.669575 24461.5 -0.17836 8.80653 0.807035 -6799.18 
