mainSeed: 2746500170
0 [0.116389]  {0.1} -39817.9 -0.523851 17297.1 -0.0905788 5.95214 0.842431 -8643.92 
1048576 [0.116362]  {0.1} -39825.5 -0.523851 17298.4 -0.090577 5.95214 0.842338 -8643.92 
2097152 [0.116361]  {0.1} -39830.3 -0.523845 17298.4 -0.090575 5.95214 0.842337 -8643.92 
3145728 [0.116361]  {0.1} -39828.9 -0.523845 17298.4 -0.090575 5.95214 0.842337 -8643.92 
4194304 [0.116361]  {0.1} -39829.4 -0.523845 17298.4 -0.090575 5.95214 0.842337 -8643.85 
5242880 [0.116361]  {0.1} -39829.4 -0.523845 17298.4 -0.090575 5.95214 0.842337 -8643.85 
6291456 [0.116361]  {0.1} -39829.6 -0.523845 17298.4 -0.090575 5.95214 0.842337 -8643.85 
7340032 [0.116361]  {0.1} -39831.6 -0.523845 17298.4 -0.090575 5.95214 0.842337 -8643.85 
8388608 [0.11636]  {0.1} -39831.6 -0.523845 17298.4 -0.090575 5.95214 0.842323 -8643.85 
9437184 [0.116078]  {0.0953161} -45595.3 -0.556033 17135.4 -0.0912852 5.96143 0.842293 -8600.8 
10485760 [0.116077]  {0.0908517} -45588.5 -0.556044 17135.3 -0.0912925 5.96255 0.84228 -8600.83 
11534336 [0.116048]  {0.0865964} -45948.2 -0.564188 16862.4 -0.0897214 5.96276 0.842248 -8600.84 
12582912 [0.116003]  {0.0825404} -47085.2 -0.564203 16862.4 -0.0944431 5.96901 0.842174 -8287.53 
13631488 [0.115994]  {0.0786743} -47557.8 -0.566023 16862.3 -0.0944494 5.97004 0.842139 -8287.87 
14680064 [0.11595]  {0.0749894} -48343.6 -0.576101 16673.4 -0.0915746 5.97496 0.84206 -8414.56 
15728640 [0.115797]  {0.071477} -53648.1 -0.601332 16559.7 -0.0916535 5.99379 0.841879 -8414.56 
16777216 [0.115791]  {0.0681292} -53628.5 -0.601349 16559.4 -0.0916695 5.9996 0.841791 -8414.6 
17825792 [0.115769]  {0.0649381} -53656.4 -0.601744 16558.6 -0.091736 6.02046 0.84146 -8414.56 
18874368 [0.115704]  {0.0618965} -55328.9 -0.612714 16252.1 -0.0921562 6.026 0.841333 -8264.42 
19922944 [0.115686]  {0.0589974} -57135.6 -0.619374 16251.6 -0.0922276 6.02812 0.841291 -8269.39 
20971520 [0.115548]  {0.0562341} -60365.9 -0.645306 15402.8 -0.0914694 6.02864 0.841127 -7955.4 
22020096 [0.11548]  {0.0536002} -63825.4 -0.657251 15402 -0.0919392 6.03897 0.841048 -7949.89 
23068672 [0.11545]  {0.0510896} -64149.9 -0.658529 15400.5 -0.0922032 6.06516 0.840637 -7940.17 
24117248 [0.115406]  {0.0486967} -67034.1 -0.668462 15374.2 -0.0922657 6.07131 0.840569 -7940.61 
25165824 [0.115391]  {0.0464158} -67055.8 -0.668458 15374 -0.0927331 6.08513 0.840384 -7916.59 
26214400 [0.115372]  {0.0442418} -67624.2 -0.670132 15373.7 -0.0930203 6.09832 0.840185 -7904.06 
27262976 [0.115318]  {0.0421696} -69150.2 -0.671672 15170.4 -0.100042 6.11138 0.839976 -7414.6 
28311552 [0.115215]  {0.0401945} -73357.9 -0.680121 15143.3 -0.105683 6.16759 0.839089 -7114.72 
29360128 [0.11516]  {0.0383118} -74495.5 -0.684253 15095.3 -0.106746 6.20525 0.838537 -7053.02 
30408704 [0.115132]  {0.0365174} -75342.8 -0.684558 15087.6 -0.110179 6.21709 0.838358 -6875.83 
31457280 [0.115095]  {0.034807} -79308.7 -0.69493 15087.1 -0.111078 6.22935 0.838208 -6846.98 
32505856 [0.115024]  {0.0331767} -80630.4 -0.699536 15026.1 -0.112088 6.29015 0.837256 -6786.59 
33554432 [0.11494]  {0.0316227} -84047.8 -0.70482 15027.8 -0.119715 6.3361 0.836581 -6435.29 
34603008 [0.114898]  {0.0301416} -86472.5 -0.707841 15027.8 -0.126441 6.34338 0.836447 -6132.82 
35651584 [0.114831]  {0.0287298} -87881.4 -0.709712 14974.4 -0.134844 6.3753 0.835882 -5759.05 
36700160 [0.11476]  {0.0273842} -92964.2 -0.719865 14976.2 -0.14429 6.40175 0.835421 -5399.46 
37748736 [0.114706]  {0.0261015} -96366 -0.725751 14954.8 -0.159456 6.40245 0.835184 -4841.37 
38797312 [0.114676]  {0.024879} -101635 -0.734833 15081.6 -0.163037 6.40637 0.835147 -4767.58 
39845888 [0.114668]  {0.0237137} -101676 -0.735049 15092.9 -0.166186 6.40745 0.835101 -4667.26 
40894464 [0.114648]  {0.022603} -104743 -0.739291 15254.8 -0.169139 6.42205 0.83492 -4623.53 
41943040 [0.114623]  {0.0215443} -107432 -0.738653 15686.9 -0.176513 6.42916 0.834813 -4496.81 
42991616 [0.114614]  {0.0205352} -107378 -0.738692 15696.3 -0.177917 6.44156 0.834599 -4456.23 
44040192 [0.114606]  {0.0195734} -107515 -0.738827 15731.5 -0.180096 6.45151 0.834416 -4398.2 
45088768 [0.114604]  {0.0186566} -107509 -0.738928 15731.5 -0.180047 6.45738 0.834333 -4401.07 
46137344 [0.114589]  {0.0177828} -108915 -0.738952 15958.3 -0.183432 6.46922 0.834164 -4353.04 
47185920 [0.114588]  {0.0169498} -108782 -0.738776 15957.9 -0.183439 6.47184 0.834127 -4353.19 
48234496 [0.114544]  {0.0161559} -111250 -0.741401 16224.3 -0.185612 6.57503 0.832666 -4370.1 
49283072 [0.114543]  {0.0153992} -111312 -0.741483 16224.5 -0.185611 6.57747 0.832625 -4370.16 
50331648 [0.114527]  {0.014678} -111666 -0.737112 16622.2 -0.188435 6.58315 0.8326 -4370.23 
51380224 [0.114523]  {0.0139905} -111698 -0.737107 16635.9 -0.188509 6.59193 0.832475 -4372.5 
52428800 [0.114521]  {0.0133352} -111662 -0.737112 16634.7 -0.188515 6.5971 0.832396 -4372.72 
53477376 [0.114508]  {0.0127106} -111493 -0.733902 16868.2 -0.188938 6.61891 0.83213 -4411.62 
54525952 [0.114501]  {0.0121152} -111054 -0.733355 16867.1 -0.189006 6.63961 0.831826 -4411.48 
55574528 [0.114493]  {0.0115478} -110776 -0.731903 16962.4 -0.189703 6.65905 0.831554 -4412.29 
56623104 [0.114474]  {0.0110069} -112466 -0.72966 17438.7 -0.193475 6.6796 0.831317 -4400.84 
57671680 [0.114462]  {0.0104914} -112821 -0.726683 17781.5 -0.196512 6.69329 0.831144 -4378.36 
58720256 [0.114455]  {0.00999997} -112724 -0.726584 17792.7 -0.19664 6.71053 0.830897 -4379.22 
59768832 [0.11444]  {0.00953159} -113583 -0.726314 18007.8 -0.198981 6.74328 0.830437 -4356.81 
60817408 [0.114429]  {0.00908515} -113208 -0.724259 18156 -0.199973 6.76832 0.830092 -4357.62 
61865984 [0.114422]  {0.00865962} -113714 -0.722714 18418.8 -0.202784 6.77569 0.829988 -4324.05 
62914560 [0.114408]  {0.00825402} -113448 -0.719092 18744.8 -0.20503 6.80424 0.829608 -4319 
63963136 [0.114401]  {0.00786742} -113489 -0.717826 18879.1 -0.205482 6.81874 0.829429 -4332.12 
65011712 [0.11439]  {0.00749892} -114008 -0.716764 19097.7 -0.20698 6.84474 0.829081 -4330.76 
66060288 [0.11438]  {0.00714769} -113831 -0.713963 19340.5 -0.20771 6.8684 0.828786 -4354.19 
67108864 [0.114376]  {0.0068129} -113829 -0.714085 19345.9 -0.207788 6.88514 0.828554 -4355.49 
68157440 [0.11437]  {0.0064938} -113970 -0.714065 19376.2 -0.207305 6.90716 0.828268 -4379.65 
69206016 [0.114364]  {0.00618964} -114091 -0.713282 19493 -0.208082 6.92369 0.828046 -4379.12 
70254592 [0.114352]  {0.00589973} -115001 -0.713812 19632.8 -0.208447 6.96246 0.827546 -4401.8 
71303168 [0.114347]  {0.0056234} -114683 -0.711963 19746.5 -0.208297 6.97391 0.827417 -4426.97 
72351744 [0.11434]  {0.00536001} -114376 -0.708744 20009 -0.209483 6.99036 0.82721 -4435.57 
73400320 [0.114332]  {0.00510895} -115144 -0.709119 20135.1 -0.209717 7.01899 0.826856 -4458.02 
74448896 [0.114321]  {0.00486966} -115125 -0.708142 20225 -0.208838 7.05731 0.82638 -4507.13 
75497472 [0.114316]  {0.00464157} -115002 -0.706984 20349.3 -0.209791 7.07774 0.826104 -4501.16 
76546048 [0.114309]  {0.00442417} -115193 -0.705586 20537.5 -0.210532 7.09645 0.825876 -4513.1 
77594624 [0.114302]  {0.00421695} -115573 -0.70502 20694 -0.211376 7.12329 0.82553 -4518.22 
78643200 [0.114298]  {0.00401944} -115531 -0.705012 20688 -0.210883 7.14 0.825317 -4535.42 
79691776 [0.114286]  {0.00383117} -116424 -0.70536 20825.7 -0.210115 7.1923 0.82468 -4595.2 
80740352 [0.114281]  {0.00365173} -116687 -0.705251 20903.5 -0.210548 7.21399 0.824397 -4598.29 
81788928 [0.114272]  {0.00348069} -117477 -0.70437 21158.8 -0.211116 7.24828 0.823999 -4631.67 
82837504 [0.114265]  {0.00331766} -117392 -0.70317 21276.8 -0.211198 7.27745 0.823636 -4652.62 
83886080 [0.11426]  {0.00316227} -117091 -0.701341 21399.9 -0.210856 7.30047 0.823366 -4686.53 
84934656 [0.114253]  {0.00301415} -117185 -0.70028 21569 -0.211702 7.33544 0.822927 -4693.23 
85983232 [0.114243]  {0.00287297} -117032 -0.698917 21686.6 -0.211012 7.38598 0.822309 -4742.6 
87031808 [0.114236]  {0.00273841} -117668 -0.699435 21749.3 -0.210219 7.42171 0.82189 -4787.55 
88080384 [0.114228]  {0.00261015} -118101 -0.698432 21936.1 -0.209843 7.46745 0.821357 -4840.02 
89128960 [0.114219]  {0.00248789} -118320 -0.697867 22060.8 -0.20946 7.5202 0.820729 -4883.82 
90177536 [0.114215]  {0.00237136} -118788 -0.697206 22215.1 -0.209432 7.54457 0.820457 -4915.82 
91226112 [0.11421]  {0.00226029} -118450 -0.69611 22278.4 -0.209144 7.57525 0.820088 -4940.13 
92274688 [0.114208]  {0.00215443} -118643 -0.696006 22324.9 -0.208864 7.5896 0.819926 -4960.85 
93323264 [0.114205]  {0.00205352} -118771 -0.695636 22385.4 -0.208637 7.60478 0.819757 -4981.71 
94371840 [0.114199]  {0.00195733} -118975 -0.695295 22481 -0.208473 7.65085 0.819205 -5011.34 
95420416 [0.114195]  {0.00186566} -118817 -0.694337 22550.1 -0.207985 7.67466 0.818937 -5043.42 
96468992 [0.114193]  {0.00177827} -119173 -0.693674 22697.9 -0.208458 7.68831 0.81879 -5055.2 
97517568 [0.114189]  {0.00169498} -118957 -0.693006 22712.8 -0.207468 7.71638 0.818464 -5095.87 
98566144 [0.114187]  {0.00161559} -118568 -0.691681 22760.7 -0.206638 7.72963 0.818333 -5134.59 
99614720 [0.114184]  {0.00153992} -118235 -0.690334 22850.3 -0.206681 7.74914 0.818108 -5150.24 
100663296 [0.114181]  {0.00146779} -118090 -0.689571 22891.9 -0.205955 7.77109 0.817865 -5186.23 
101711872 [0.114177]  {0.00139904} -118210 -0.689507 22927.2 -0.205112 7.81098 0.817411 -5230.14 
102760448 [0.114173]  {0.00133352} -118004 -0.688483 22989.4 -0.204285 7.84288 0.817055 -5275.35 
103809024 [0.114169]  {0.00127106} -118242 -0.688541 23028.6 -0.203243 7.88471 0.816589 -5328.68 
104857600 [0.114166]  {0.00121152} -118205 -0.687772 23089.9 -0.202567 7.901 0.816426 -5367.33 
105906176 [0.114163]  {0.00115478} -118054 -0.686762 23181.4 -0.20227 7.93916 0.815991 -5399.93 
106954752 [0.114159]  {0.00110069} -118017 -0.685386 23316.5 -0.201683 7.97255 0.815637 -5451.22 
108003328 [0.114155]  {0.00104913} -118003 -0.684497 23411.8 -0.201058 8.00969 0.815232 -5498.07 
109051904 [0.114154]  {0.000999995} -117627 -0.682995 23501.2 -0.200957 8.02697 0.815044 -5518.85 
110100480 [0.114152]  {0.000953157} -117509 -0.682515 23517.4 -0.200206 8.04216 0.814886 -5552.75 
111149056 [0.11415]  {0.000908513} -117080 -0.681052 23591.8 -0.199824 8.06887 0.814588 -5583.06 
112197632 [0.114149]  {0.00086596} -117144 -0.680741 23636.1 -0.199369 8.0853 0.814421 -5612.12 
113246208 [0.114147]  {0.0008254} -117244 -0.680704 23661.8 -0.199003 8.10574 0.814196 -5634.75 
114294784 [0.114146]  {0.00078674} -117185 -0.6803 23690.7 -0.198451 8.1243 0.814 -5664.64 
115343360 [0.114144]  {0.00074989} -117138 -0.679886 23721.6 -0.197709 8.14828 0.813747 -5703.56 
116391936 [0.114142]  {0.000714767} -117115 -0.679323 23775.9 -0.197308 8.17148 0.813493 -5732.66 
117440512 [0.11414]  {0.000681289} -116989 -0.678922 23795.7 -0.196537 8.19591 0.813239 -5771.41 
118489088 [0.114138]  {0.000649378} -117096 -0.678636 23854.5 -0.195798 8.23495 0.812822 -5819.26 
119537664 [0.114137]  {0.000618963} -117168 -0.678071 23928.1 -0.195371 8.25761 0.812589 -5854.24 
120586240 [0.114136]  {0.000589972} -116994 -0.677747 23930.9 -0.195053 8.27167 0.812433 -5869.19 
121634816 [0.114135]  {0.000562338} -116968 -0.677214 23985.9 -0.194573 8.29749 0.812161 -5903.34 
122683392 [0.114134]  {0.000535999} -116915 -0.676896 24003.8 -0.194112 8.30648 0.812075 -5927.2 
123731968 [0.114133]  {0.000510894} -116835 -0.676462 24036.7 -0.193614 8.32844 0.811844 -5957.36 
124780544 [0.114132]  {0.000486965} -116822 -0.676345 24044.7 -0.192925 8.34846 0.811637 -5991.05 
125829120 [0.114131]  {0.000464156} -116692 -0.675822 24074.1 -0.19248 8.36416 0.811475 -6017.42 
126877696 [0.11413]  {0.000442416} -116621 -0.675407 24106.2 -0.192126 8.38133 0.811296 -6040.92 
127926272 [0.11413]  {0.000421694} -116576 -0.675157 24120.5 -0.191531 8.39645 0.811144 -6071.29 
128974848 [0.114129]  {0.000401943} -116569 -0.674943 24145.5 -0.191107 8.41685 0.810929 -6097.47 
130023424 [0.114128]  {0.000383117} -116542 -0.674799 24154.5 -0.19053 8.43257 0.810771 -6126.58 
131072000 [0.114128]  {0.000365172} -116517 -0.674777 24153.3 -0.19009 8.4467 0.810623 -6147.59 
132120576 [0.114127]  {0.000348068} -116371 -0.674052 24201.4 -0.18944 8.4702 0.810386 -6188.3 
133169152 [0.114126]  {0.000331765} -116360 -0.673766 24234 -0.189145 8.48809 0.8102 -6210.3 
134217728 [0.114126]  {0.000316226} -116321 -0.673616 24239.7 -0.188578 8.50056 0.810078 -6238.29 
135266304 [0.114125]  {0.000301414} -116306 -0.67357 24240.6 -0.188117 8.51177 0.809965 -6260.57 
136314880 [0.114125]  {0.000287297} -116276 -0.673497 24243.8 -0.187689 8.52562 0.809823 -6282.27 
137363456 [0.114125]  {0.00027384} -116291 -0.673326 24268.1 -0.187422 8.53975 0.809677 -6301.26 
138412032 [0.114124]  {0.000261014} -116179 -0.673062 24275.7 -0.18705 8.5524 0.809548 -6320.83 
139460608 [0.114124]  {0.000248789} -116132 -0.672931 24278.6 -0.186579 8.56214 0.809454 -6343.96 
140509184 [0.114124]  {0.000237136} -116051 -0.672741 24282.9 -0.186187 8.57326 0.809341 -6363.81 
141557760 [0.114123]  {0.000226029} -115966 -0.672463 24294.2 -0.185785 8.58209 0.809256 -6385.33 
142606336 [0.114123]  {0.000215442} -115893 -0.672208 24308.9 -0.185427 8.59583 0.809116 -6406.24 
143654912 [0.114123]  {0.000205351} -115851 -0.672062 24316.1 -0.185053 8.60551 0.809021 -6426.14 
144703488 [0.114123]  {0.000195733} -115821 -0.672004 24316.7 -0.18483 8.61127 0.808963 -6437.21 
145752064 [0.114123]  {0.000186565} -115788 -0.671827 24329.3 -0.184553 8.61971 0.80888 -6453.65 
146800640 [0.114122]  {0.000177827} -115740 -0.671689 24336.3 -0.184391 8.62682 0.808807 -6463.35 
147849216 [0.114122]  {0.000169498} -115697 -0.671507 24347.5 -0.184166 8.63385 0.808738 -6476.88 
148897792 [0.114122]  {0.000161559} -115658 -0.671349 24356.8 -0.183772 8.64457 0.808633 -6498.48 
149946368 [0.114122]  {0.000153992} -115621 -0.671288 24357.3 -0.183427 8.654 0.808539 -6515.81 
150994944 [0.114122]  {0.000146779} -115595 -0.671209 24362.5 -0.183211 8.6621 0.808456 -6528.05 
152043520 [0.114122]  {0.000139904} -115574 -0.671178 24361.8 -0.182942 8.66832 0.808395 -6541.29 
153092096 [0.114122]  {0.000133351} -115580 -0.671143 24368.8 -0.182672 8.67779 0.808301 -6556.84 
154140672 [0.114122]  {0.000127105} -115555 -0.671061 24372.6 -0.182427 8.6839 0.808241 -6569.91 
155189248 [0.114121]  {0.000121152} -115515 -0.670978 24373.5 -0.182271 8.68833 0.808196 -6577.78 
156237824 [0.114121]  {0.000115477} -115485 -0.670917 24375.1 -0.182057 8.69366 0.808144 -6588.88 
157286400 [0.114121]  {0.000110069} -115478 -0.670881 24377.9 -0.181895 8.69791 0.808103 -6597.71 
158334976 [0.114121]  {0.000104913} -115440 -0.670743 24386 -0.181663 8.70521 0.808031 -6611.24 
159383552 [0.114121]  {9.99993e-05} -115427 -0.6707 24390.2 -0.181454 8.71305 0.807951 -6623.1 
160432128 [0.114121]  {9.53155e-05} -115413 -0.670649 24393 -0.181282 8.71703 0.807914 -6632.42 
161480704 [0.114121]  {9.08511e-05} -115417 -0.670594 24402.1 -0.181063 8.72553 0.807829 -6646.01 
162529280 [0.114121]  {8.65958e-05} -115385 -0.670506 24405.4 -0.180881 8.73063 0.807779 -6655.95 
163577856 [0.114121]  {8.25398e-05} -115344 -0.67038 24411.3 -0.18069 8.73558 0.807731 -6666.86 
164626432 [0.114121]  {7.86738e-05} -115327 -0.67033 24413.8 -0.180616 8.73796 0.807708 -6671.2 
165675008 [0.114121]  {7.49889e-05} -115315 -0.670282 24417.7 -0.180483 8.74304 0.807657 -6679.05 
166723584 [0.114121]  {7.14765e-05} -115305 -0.670261 24419.2 -0.180305 8.74823 0.807606 -6688.59 
167772160 [0.114121]  {6.81287e-05} -115308 -0.670262 24420.8 -0.180212 8.7514 0.807574 -6693.9 
168820736 [0.114121]  {6.49377e-05} -115298 -0.670214 24423.8 -0.180104 8.75405 0.807549 -6700.08 
169869312 [0.114121]  {6.18961e-05} -115284 -0.670178 24426.1 -0.179994 8.75785 0.807511 -6706.33 
170917888 [0.114121]  {5.8997e-05} -115271 -0.670138 24427.9 -0.179895 8.76051 0.807485 -6711.74 
171966464 [0.114121]  {5.62337e-05} -115255 -0.670094 24430.4 -0.179771 8.76449 0.807446 -6718.79 
173015040 [0.114121]  {5.35998e-05} -115231 -0.670003 24435.7 -0.179697 8.76694 0.807422 -6723.75 
174063616 [0.114121]  {5.10893e-05} -115230 -0.66998 24438.5 -0.179587 8.77045 0.807388 -6730.1 
175112192 [0.114121]  {4.86964e-05} -115219 -0.669946 24441.1 -0.179494 8.77373 0.807355 -6735.62 
176160768 [0.114121]  {4.64155e-05} -115213 -0.669923 24443 -0.179418 8.77616 0.807332 -6740.02 
177209344 [0.114121]  {4.42415e-05} -115208 -0.669909 24444 -0.179344 8.77834 0.80731 -6744.11 
178257920 [0.114121]  {4.21693e-05} -115194 -0.66988 24444.5 -0.179267 8.78013 0.807293 -6748.12 
179306496 [0.114121]  {4.01942e-05} -115180 -0.669825 24447.8 -0.179206 8.78202 0.807275 -6752 
180355072 [0.114121]  {3.83116e-05} -115163 -0.669775 24449.9 -0.17915 8.78369 0.807258 -6755.33 
181403648 [0.114121]  {3.65171e-05} -115163 -0.669757 24452.7 -0.179091 8.78612 0.807234 -6759.12 
182452224 [0.114121]  {3.48067e-05} -115150 -0.66972 24454.6 -0.179022 8.78827 0.807213 -6763.13 
183500800 [0.114121]  {3.31764e-05} -115151 -0.669717 24455.5 -0.178945 8.79044 0.807192 -6767.4 
184549376 [0.114121]  {3.16225e-05} -115131 -0.669665 24457.7 -0.178865 8.793 0.807167 -6772.03 
185597952 [0.114121]  {3.01414e-05} -115128 -0.669654 24458.6 -0.178801 8.79482 0.807149 -6775.59 
186646528 [0.114121]  {2.87296e-05} -115121 -0.669611 24462.2 -0.178758 8.7964 0.807134 -6778.63 
187695104 [0.114121]  {2.7384e-05} -115114 -0.669587 24464 -0.17871 8.79816 0.807117 -6781.59 
188743680 [0.114121]  {2.61014e-05} -115120 -0.669587 24465.3 -0.178681 8.79922 0.807106 -6783.43 
189792256 [0.114121]  {2.48788e-05} -115117 -0.669567 24467.4 -0.178651 8.80077 0.807091 -6785.6 
190840832 [0.114121]  {2.37135e-05} -115115 -0.669557 24468.6 -0.178615 8.80199 0.807079 -6787.76 
191889408 [0.114121]  {2.26028e-05} -115110 -0.669537 24469.8 -0.178575 8.80319 0.807067 -6790.11 
192937984 [0.114121]  {2.15442e-05} -115107 -0.669526 24470.8 -0.178546 8.80436 0.807056 -6791.91 
193986560 [0.114121]  {2.05351e-05} -115102 -0.669511 24471.6 -0.178501 8.8055 0.807045 -6794.4 
195035136 [0.114121]  {1.95733e-05} -115100 -0.669499 24472.8 -0.178468 8.80665 0.807033 -6796.41 
196083712 [0.114121]  {1.86565e-05} -115093 -0.669482 24473.5 -0.178431 8.80772 0.807023 -6798.5 
197132288 [0.114121]  {1.77826e-05} -115092 -0.669469 24474.8 -0.178412 8.80849 0.807015 -6799.85 
198180864 [0.114121]  {1.69497e-05} -115086 -0.669444 24476.5 -0.178375 8.80963 0.807004 -6802.1 
